[["init", [[[-0.9999995827675019, -8.742291252497325e-08, -0.0009016376570799682, 107.42178508968259], [-8.742287604945886e-08, 1.0000000000000153, -7.882360285996225e-11, 1.6557000508677414e-05], [0.0009016376570799751, 1.8034414989823392e-16, -0.9999995827674866, 127.13428668629061], [0.0, 0.0, 0.0, 1.0]]]], ["setGripper", 27.0000009537], ["fingerGait", [[[-0.9999995827675021, -8.742291252497323e-08, -0.0009016376570799682, 107.42178508968259], [-8.742287604945888e-08, 1.0000000000000153, -7.882360285996225e-11, 1.6557000508677414e-05], [0.0009016376570799752, 1.8034414989078283e-16, -0.9999995827674866, 127.13428668629062], [0.0, 0.0, 0.0, 1.0]], [[-0.9999995827675021, -8.742291252497323e-08, -0.0009016376570799682, 106.38035847204172], [-8.742287604945888e-08, 1.0000000000000153, -7.882360285996225e-11, 1.6374509593734404e-05], [0.0009016376570799752, 1.8034414989078283e-16, -0.9999995827674866, 132.2342273304192], [0.0, 0.0, 0.0, 1.0]], [[-0.9999995827675021, -8.742291252497323e-08, -0.0009016376570799682, 105.33893185440085], [-8.742287604945888e-08, 1.0000000000000153, -7.882360285996225e-11, 1.6192018678791393e-05], [0.0009016376570799752, 1.8034414989078283e-16, -0.9999995827674866, 137.3341679745478], [0.0, 0.0, 0.0, 1.0]], [[-0.9999995827675021, -8.742291252497323e-08, -0.0009016376570799682, 104.29750523675999], [-8.742287604945888e-08, 1.0000000000000153, -7.882360285996225e-11, 1.6009527763848383e-05], [0.0009016376570799752, 1.8034414989078283e-16, -0.9999995827674866, 142.4341086186764], [0.0, 0.0, 0.0, 1.0]], [[-0.9999995827675021, -8.742291252497323e-08, -0.0009016376570799682, 103.25607861911912], [-8.742287604945888e-08, 1.0000000000000153, -7.882360285996225e-11, 1.5827036848905372e-05], [0.0009016376570799752, 1.8034414989078283e-16, -0.9999995827674866, 147.53404926280498], [0.0, 0.0, 0.0, 1.0]], [[-0.9999995827675021, -8.742291252497323e-08, -0.0009016376570799682, 102.21465200147826], [-8.742287604945888e-08, 1.0000000000000153, -7.882360285996225e-11, 1.5644545933962362e-05], [0.0009016376570799752, 1.8034414989078283e-16, -0.9999995827674866, 152.63398990693358], [0.0, 0.0, 0.0, 1.0]], [[-0.9999995827675021, -8.742291252497323e-08, -0.0009016376570799682, 101.17322538383739], [-8.742287604945888e-08, 1.0000000000000153, -7.882360285996225e-11, 1.546205501901935e-05], [0.0009016376570799752, 1.8034414989078283e-16, -0.9999995827674866, 157.73393055106217], [0.0, 0.0, 0.0, 1.0]], [[-0.9999995827675021, -8.742291252497323e-08, -0.0009016376570799682, 100.13179876619652], [-8.742287604945888e-08, 1.0000000000000153, -7.882360285996225e-11, 1.527956410407634e-05], [0.0009016376570799752, 1.8034414989078283e-16, -0.9999995827674866, 162.83387119519077], [0.0, 0.0, 0.0, 1.0]], [[-0.9999995827675021, -8.742291252497323e-08, -0.0009016376570799682, 99.09037214855566], [-8.742287604945888e-08, 1.0000000000000153, -7.882360285996225e-11, 1.509707318913333e-05], [0.0009016376570799752, 1.8034414989078283e-16, -0.9999995827674866, 167.93381183931936], [0.0, 0.0, 0.0, 1.0]], [[-0.9999995827675021, -8.742291252497323e-08, -0.0009016376570799682, 98.04894553091479], [-8.742287604945888e-08, 1.0000000000000153, -7.882360285996225e-11, 1.491458227419032e-05], [0.0009016376570799752, 1.8034414989078283e-16, -0.9999995827674866, 173.03375248344796], [0.0, 0.0, 0.0, 1.0]], [[-0.9999995827675021, -8.742291252497323e-08, -0.0009016376570799682, 97.00751891327393], [-8.742287604945888e-08, 1.0000000000000153, -7.882360285996225e-11, 1.473209135924731e-05], [0.0009016376570799752, 1.8034414989078283e-16, -0.9999995827674866, 178.13369312757655], [0.0, 0.0, 0.0, 1.0]], [[-0.9999995827675021, -8.742291252497323e-08, -0.0009016376570799682, 95.96609229563306], [-8.742287604945888e-08, 1.0000000000000153, -7.882360285996225e-11, 1.4549600444304299e-05], [0.0009016376570799752, 1.8034414989078283e-16, -0.9999995827674866, 183.23363377170514], [0.0, 0.0, 0.0, 1.0]], [[-0.9999995827675021, -8.742291252497323e-08, -0.0009016376570799682, 94.9246656779922], [-8.742287604945888e-08, 1.0000000000000153, -7.882360285996225e-11, 1.4367109529361289e-05], [0.0009016376570799752, 1.8034414989078283e-16, -0.9999995827674866, 188.33357441583374], [0.0, 0.0, 0.0, 1.0]], [[-0.9999995827675021, -8.742291252497323e-08, -0.0009016376570799682, 93.88323906035133], [-8.742287604945888e-08, 1.0000000000000153, -7.882360285996225e-11, 1.4184618614418278e-05], [0.0009016376570799752, 1.8034414989078283e-16, -0.9999995827674866, 193.43351505996233], [0.0, 0.0, 0.0, 1.0]], [[-0.9999995827675021, -8.742291252497323e-08, -0.0009016376570799682, 92.84181244271046], [-8.742287604945888e-08, 1.0000000000000153, -7.882360285996225e-11, 1.4002127699475268e-05], [0.0009016376570799752, 1.8034414989078283e-16, -0.9999995827674866, 198.53345570409093], [0.0, 0.0, 0.0, 1.0]], [[-0.9999995827675021, -8.742291252497323e-08, -0.0009016376570799682, 91.8003858250696], [-8.742287604945888e-08, 1.0000000000000153, -7.882360285996225e-11, 1.3819636784532257e-05], [0.0009016376570799752, 1.8034414989078283e-16, -0.9999995827674866, 203.63339634821952], [0.0, 0.0, 0.0, 1.0]], [[-0.9999995827675021, -8.742291252497323e-08, -0.0009016376570799682, 90.75895920742873], [-8.742287604945888e-08, 1.0000000000000153, -7.882360285996225e-11, 1.3637145869589247e-05], [0.0009016376570799752, 1.8034414989078283e-16, -0.9999995827674866, 208.73333699234811], [0.0, 0.0, 0.0, 1.0]], [[-0.9999995827675021, -8.742291252497323e-08, -0.0009016376570799682, 89.71753258978787], [-8.742287604945888e-08, 1.0000000000000153, -7.882360285996225e-11, 1.3454654954646236e-05], [0.0009016376570799752, 1.8034414989078283e-16, -0.9999995827674866, 213.8332776364767], [0.0, 0.0, 0.0, 1.0]], [[-0.9999995827675021, -8.742291252497323e-08, -0.0009016376570799682, 88.676105972147], [-8.742287604945888e-08, 1.0000000000000153, -7.882360285996225e-11, 1.3272164039703226e-05], [0.0009016376570799752, 1.8034414989078283e-16, -0.9999995827674866, 218.9332182806053], [0.0, 0.0, 0.0, 1.0]], [[-0.9999995827675021, -8.742291252497323e-08, -0.0009016376570799682, 87.63467935450613], [-8.742287604945888e-08, 1.0000000000000153, -7.882360285996225e-11, 1.3089673124760215e-05], [0.0009016376570799752, 1.8034414989078283e-16, -0.9999995827674866, 224.0331589247339], [0.0, 0.0, 0.0, 1.0]], [[-0.9999995827675021, -8.742291252497323e-08, -0.0009016376570799682, 86.59325273686527], [-8.742287604945888e-08, 1.0000000000000153, -7.882360285996225e-11, 1.2907182209817205e-05], [0.0009016376570799752, 1.8034414989078283e-16, -0.9999995827674866, 229.1330995688625], [0.0, 0.0, 0.0, 1.0]], [[-0.9999995827675021, -8.742291252497323e-08, -0.0009016376570799682, 85.55182611922442], [-8.742287604945888e-08, 1.0000000000000153, -7.882360285996225e-11, 1.2724691294874198e-05], [0.0009016376570799752, 1.8034414989078283e-16, -0.9999995827674866, 234.23304021299106], [0.0, 0.0, 0.0, 1.0]]]], ["closeGripper", 0], ["pivot", [[[-0.9999995827675023, -8.742291252497323e-08, -0.0009016376570799682, 85.55182611922443], [-8.742287604945892e-08, 1.0000000000000153, -7.882360285996225e-11, 1.2724691294874201e-05], [0.0009016376570799753, 1.8034414988790943e-16, -0.9999995827674866, 234.23304021299106], [0.0, 0.0, 0.0, 1.0]], [[-0.9998149798747132, -8.742291250375216e-08, 0.019234981252141226, 80.79700123587831], [-8.740673750349119e-08, 1.0000000000000153, 1.681578188724096e-09, 1.2309010669807543e-05], [-0.01923498125214107, 9.890637312816062e-17, -0.9998149798746975, 237.97971160775012], [0.0, 0.0, 0.0, 1.0]], [[-0.9992249345027765, -8.742291248089549e-08, 0.03936380003969771, 75.96769579431628], [-8.735515399678827e-08, 1.0000000000000153, 3.4412980704991886e-09, 1.1886818737832976e-05], [-0.0393638000396974, 1.7912426249154485e-17, -0.9992249345027607, 241.62987806473436], [0.0, 0.0, 0.0, 1.0]], [[-0.9982296859254215, -8.742291245641256e-08, 0.05947665611715481, 71.06586816244672], [-8.726814644736527e-08, 1.0000000000000155, 5.199622445243997e-09, 1.1458286705170672e-05], [-0.05947665611715437, -6.260484673910421e-17, -0.9982296859254056, 245.18205937753825], [0.0, 0.0, 0.0, 1.0]], [[-0.9968296377333702, -8.742291243031321e-08, 0.07956539336923625, 66.09350611719562], [-8.71457501383068e-08, 1.0000000000000153, 6.95583828163973e-09, 1.1023588349062631e-05], [-0.07956539336923567, -1.4261279680931533e-16, -0.9968296377333545, 248.63481507444752], [0.0, 0.0, 0.0, 1.0]], [[-0.9950253576706772, -8.742291240260813e-08, 0.09962186546127177, 61.0526260384287], [-8.698801470345902e-08, 1.0000000000000153, 8.709233403416822e-09, 1.0582899947302963e-05], [-0.09962186546127105, -2.2207897403405514e-16, -0.9950253576706617, 251.98674500257619], [0.0, 0.0, 0.0, 1.0]], [[-0.9928175774044978, -8.742291237330849e-08, 0.11963793914267841, 55.945272091274006], [-8.679500410730254e-08, 1.0000000000000155, 1.0459096778154872e-08, 1.0136400206754202e-05], [-0.11963793914267754, -3.0097115946042503e-16, -0.9928175774044823, 255.236489895653], [0.0, 0.0, 0.0, 1.0]], [[-0.990207192228383, -8.742291234242614e-08, 0.1396054975451359, 50.773515397176766], [-8.656679661901325e-08, 1.0000000000000153, 1.2204718805618724e-08, 9.684270190878457e-06], [-0.13960549754513488, -3.792573539794494e-16, -0.9902071922283674, 258.3827319252296], [0.0, 0.0, 0.0, 1.0]], [[-0.9871952606992251, -8.742291230997369e-08, 0.15951644347411917, 45.539453194023864], [-8.63034847807232e-08, 1.0000000000000153, 1.3945391605513815e-08, 9.226693246313093e-06], [-0.15951644347411803, -4.569058180752063e-16, -0.9871952606992096, 261.42419523510523], [0.0, 0.0, 0.0, 1.0]], [[-0.9837830042079921, -8.74229122759643e-08, 0.1793627026924522, 40.2452079856769], [-8.60051753699928e-08, 1.0000000000000153, 1.5680409304544006e-08, 8.763854928520404e-06], [-0.17936270269245091, -5.338850569881464e-16, -0.9837830042079766, 264.35964645888384], [0.0, 0.0, 0.0, 1.0]], [[-0.9799718064844326, -8.742291224041164e-08, 0.19913622719455262, 34.892926681259674], [-8.567198935651095e-08, 1.0000000000000153, 1.7409068322655558e-08, 8.295942926541646e-06], [-0.1991362271945512, -6.101638670978635e-16, -0.9799718064844174, 267.1878952214555], [0.0, 0.0, 0.0, 1.0]], [[-0.975763213035951, -8.742291220333022e-08, 0.21882899847003917, 29.484779724549256], [-8.530406185303955e-08, 1.0000000000000153, 1.913066765835118e-08, 7.823146986885853e-06], [-0.2188289984700376, -6.857113029045882e-16, -0.9757632130359356, 269.9077946307136], [0.0, 0.0, 0.0, 1.0]], [[-0.9711589305208743, -8.742291216473504e-08, 0.23843303075537756, 24.022960213822586], [-8.4901542060623e-08, 1.0000000000000155, 2.0844509172958428e-08, 7.34565883658429e-06], [-0.23843303075537584, -7.604967283911386e-16, -0.971158930520859, 272.5182417973827], [0.0, 0.0, 0.0, 1.0]], [[-0.9661608260563742, -8.742291212464182e-08, 0.2579403742722477, 18.50968301251706], [-8.446459320808442e-08, 1.0000000000000153, 2.254989787373708e-08, 6.86367210544179e-06], [-0.25794037427224586, -8.344898253794812e-16, -0.966160826056359, 275.0181785808179], [0.0, 0.0, 0.0, 1.0]], [[-0.9607709264613188, -8.74229120830668e-08, 0.27734311845131815, 12.947183851064544], [-8.399339248583358e-08, 1.0000000000000153, 2.424614219571096e-08, 6.377382247516472e-06], [-0.2773431184513161, -9.076605870060103e-16, -0.9607709264613038, 277.4065934749493], [0.0, 0.0, 0.0, 1.0]], [[-0.95499141743436, -8.742291204002669e-08, 0.29663339514011994, 7.337718420263556], [-8.348813097401327e-08, 1.000000000000015, 2.5932554282109572e-08, 5.886986461859718e-06], [-0.2966333951401178, -9.799793409832608e-16, -0.9549914174343449, 279.6825283620391], [0.0, 0.0, 0.0, 1.0]], [[-0.9488246426675964, -8.742291199553917e-08, 0.31580338179372097, 1.6835614565570296], [-8.294901356501256e-08, 1.0000000000000153, 2.760845026330612e-08, 5.39268361254847e-06], [-0.31580338179371864, -1.0514167497084528e-15, -0.9488246426675814, 281.8451034649936], [0.0, 0.0, 0.0, 1.0]], [[-0.9422731028961638, -8.742291194962215e-08, 0.3348453046469038, -4.012994180413024], [-8.237625888037982e-08, 1.0000000000000153, 2.9273150534138535e-08, 4.894674148042425e-06], [-0.33484530464690143, -1.1219438533932753e-15, -0.942273102896149, 283.89360190318234], [0.0, 0.0, 0.0, 1.0]], [[-0.9353394548841444, -8.742291190229427e-08, 0.3537514418665648, -9.74963843760024], [-8.177009918216736e-08, 1.0000000000000153, 3.092598002950136e-08, 4.393160019898595e-06], [-0.3537514418665623, -1.1915320602619088e-15, -0.9353394548841297, 285.82772385108086], [0.0, 0.0, 0.0, 1.0]], [[-0.928026510347202, -8.742291185357474e-08, 0.37251412668305184, -15.52404500532078], [-8.113078027874556e-08, 1.000000000000015, 3.256626849809639e-08, 3.8883446008764814e-06], [-0.3725141266830491, -1.2601531433742429e-15, -0.9280265103471873, 287.64825371484704], [0.0, 0.0, 0.0, 1.0]], [[-0.9203372348123812, -8.742291180348329e-08, 0.39112575049917386, -21.33387226061302], [-8.045856142512297e-08, 1.0000000000000153, 3.4193350774231385e-08, 3.3804326024668373e-06], [-0.39112575049917103, -1.3277792573091223e-15, -0.9203372348123666, 289.3585651523256], [0.0, 0.0, 0.0, 1.0]], [[-0.9122747464155357, -8.742291175204025e-08, 0.4095787659756201, -27.1767642168061], [-7.975371521781387e-08, 1.0000000000000153, 3.580656704755632e-08, 2.869629991877542e-06], [-0.4095787659756171, -1.3943830011773458e-15, -0.9122747464155213, 290.96746397231664], [0.0, 0.0, 0.0, 1.0]], [[-0.9038423146368691, -8.742291169926646e-08, 0.4278656900915387, -33.05035147891414], [-7.901652748429604e-08, 1.0000000000000153, 3.7405263130628115e-08, 2.3561439085103804e-06], [-0.4278656900915356, -1.4599373724544047e-15, -0.9038423146368548, 292.49345316667427], [0.0, 0.0, 0.0, 1.0]], [[-0.8950433589751027, -8.742291164518335e-08, 0.4459791071790322, -38.9522522044674], [-7.824729716710191e-08, 1.000000000000015, 3.8988790724195004e-08, 1.8401825799622694e-06], [-0.44597910717902894, -1.5244157671428491e-15, -0.8950433589750887, 293.9691001009611], [0.0, 0.0, 0.0, 1.0]], [[-0.8858814475608106, -8.742291158981287e-08, 0.4639116719303412, -44.88007306939079], [-7.744633620259292e-08, 1.0000000000000153, 4.0556507680093343e-08, 1.3219552375854238e-06], [-0.46391167193033783, -1.5877920527340007e-15, -0.8858814475607966, 295.44178111595244], [0.0, 0.0, 0.0, 1.0]], [[-0.8763602957094775, -8.742291153317738e-08, 0.4816561123764947, -50.831410238539085], [-7.661396939446344e-08, 1.0000000000000153, 4.2107778261649845e-08, 8.016720316403207e-07], [-0.4816561123764912, -1.6500405286804814e-15, -0.8763602957094637, 296.9650906145229], [0.0, 0.0, 0.0, 1.0]], [[-0.8664837644148765, -8.742291147529999e-08, 0.4992052328362215, -56.80385034049388], [-7.575053428202729e-08, 1.0000000000000153, 4.364197340148399e-08, 2.7954394607611903e-07], [-0.49920523283621787, -1.7111359199632775e-15, -0.8664837644148631, 298.5766832106096], [0.0, 0.0, 0.0, 1.0]], [[-0.8562558587833663, -8.742291141620403e-08, 0.516551916833924, -62.79497144622807], [-7.485638100333957e-08, 1.0000000000000153, 4.5158470956605775e-08, -2.44217287027049e-07], [-0.5165519168339203, -1.7710534963974908e-15, -0.8562558587833528, 300.2658772019008], [0.0, 0.0, 0.0, 1.0]], [[-0.8456807264097509, -8.742291135591351e-08, 0.5336891299855347, -68.80234405124048], [-7.393187215320976e-08, 1.0000000000000153, 4.665665596070569e-08, -7.693992733191061e-07], [-0.5336891299855309, -1.829768953717231e-15, -0.8456807264097376, 301.94602025761236], [0.0, 0.0, 0.0, 1.0]], [[-0.8347626556953578, -8.742291129445292e-08, 0.5506099228510819, -74.82353206076245], [-7.297738263616285e-08, 1.000000000000015, 4.813592087353434e-08, -1.2957890423097288e-06], [-0.5506099228510779, -1.8872584402513695e-15, -0.8347626556953447, 303.45371472722746], [0.0, 0.0, 0.0, 1.0]], [[-0.823506074109016, -8.742291123184718e-08, 0.5673074337528078, -80.85609377763669], [-7.199329951440928e-08, 1.0000000000000153, 4.959566582727045e-08, -1.8231731337315125e-06], [-0.5673074337528037, -1.943498696102854e-15, -0.823506074109003, 304.5891410183733], [0.0, 0.0, 0.0, 1.0]], [[-0.8119155463916391, -8.742291116812165e-08, 0.5837748915577017, -86.89758289246889], [-7.098002185088426e-08, 1.000000000000015, 5.103529886977806e-08, -2.3513376841019342e-06], [-0.5837748915576975, -1.998466881315014e-15, -0.8119155463916263, 305.18793792083693], [0.0, 0.0, 0.0, 1.0]], [[-0.7999957727051448, -8.742291110330218e-08, 0.6000056184233101, -92.945549475648], [-6.9937960547421e-08, 1.0000000000000153, 5.24542362046532e-08, -2.8800685134486515e-06], [-0.6000056184233056, -2.0521407349169307e-15, -0.7999957727051322, 305.1901586545927], [0.0, 0.0, 0.0, 1.0]], [[-0.7877515867264541, -8.742291103741502e-08, 0.6159930325057207, -98.99754097083664], [-6.886753817812229e-08, 1.0000000000000153, 5.385190242796381e-08, -3.4091512121633714e-06], [-0.6159930325057161, -2.104498449425403e-15, -0.7877515867264416, 304.6669731968112], [0.0, 0.0, 0.0, 1.0]], [[-0.7751879536873535, -8.742291097048697e-08, 0.6317306506286152, -105.05110318952504], [-6.77691888180001e-08, 1.0000000000000153, 5.522773076158597e-08, -3.938371227948538e-06], [-0.6317306506286107, -2.155518803433892e-15, -0.7751879536873414, 303.78892538734215], [0.0, 0.0, 0.0, 1.0]], [[-0.7623099683610048, -8.742291090254512e-08, 0.6472120909123092, -111.10378130624728], [-6.664335786694976e-08, 1.0000000000000153, 5.658116328304222e-08, -4.4675139528221325e-06], [-0.6472120909123047, -2.205181155241659e-15, -0.7623099683609931, 302.75494099836146], [0.0, 0.0, 0.0, 1.0]], [[-0.749122852995927, -8.742291083361694e-08, 0.6624310753617181, -117.15312085405644], [-6.549050186913315e-08, 1.000000000000015, 5.79116511517492e-08, -4.996364810144957e-06], [-0.6624310753617135, -2.2534653041404346e-15, -0.7491228529959152, 301.72218580630135], [0.0, 0.0, 0.0, 1.0]], [[-0.7356319551982803, -8.742291076373057e-08, 0.6773814324121931, -123.19666871985399], [-6.431108832784151e-08, 1.0000000000000153, 5.921865483158194e-08, -5.524709341635255e-06], [-0.6773814324121883, -2.3003517024320026e-15, -0.7356319551982688, 300.76952776076735], [0.0, 0.0, 0.0, 1.0]], [[-0.7218427457633216, -8.742291069291414e-08, 0.6920570994321986, -129.23197413916944], [-6.310559551591516e-08, 1.000000000000015, 6.050164430966515e-08, -6.052333294335192e-06], [-0.6920570994321937, -2.3458213299623178e-15, -0.7218427457633101, 299.90160485822787], [0.0, 0.0, 0.0, 1.0]], [[-0.7077608164568986, -8.742291062119655e-08, 0.7064521251818157, -135.2565896899889], [-6.187451228179511e-08, 1.0000000000000153, 6.176009931130284e-08, -6.57902270749431e-06], [-0.7064521251818107, -2.389855747332752e-15, -0.7077608164568874, 299.0777851501684], [0.0, 0.0, 0.0, 1.0]], [[-0.6933918777478921, -8.742291054860677e-08, 0.7205606722260738, -141.26807228522716], [-6.061833785128665e-08, 1.0000000000000153, 6.299350951095871e-08, -7.104563999334238e-06], [-0.7205606722260688, -2.4324370763254558e-15, -0.6933918777478811, 298.2440734895888], [0.0, 0.0, 0.0, 1.0]], [[-0.6787417564925207, -8.742291047517428e-08, 0.7343770193021338, -147.26398416344273], [-5.933758162511458e-08, 1.0000000000000153, 6.420137473920225e-08, -7.628744053659963e-06], [-0.7343770193021286, -2.4735480994486246e-15, -0.6787417564925099, 297.35401038829445], [0.0, 0.0, 0.0, 1.0]], [[-0.6638163935714487, -8.742291040092886e-08, 0.7478955636393588, -153.24189387739207], [-5.803276297235213e-08, 1.000000000000015, 6.538320518553603e-08, -8.151350306282065e-06], [-0.7478955636393534, -2.5131721411118574e-15, -0.6638163935714381, 296.37617415115096], [0.0, 0.0, 0.0, 1.0]], [[-0.6486218414806543, -8.74229103259006e-08, 0.7611108232313368, -159.19937728002472], [-5.670441101980779e-08, 1.0000000000000153, 6.653852159702248e-08, -8.672170831215294e-06], [-0.7611108232313313, -2.5512930943909752e-15, -0.6486218414806441, 295.2928849860365], [0.0, 0.0, 0.0, 1.0]], [[-0.6331642618770374, -8.742291025011991e-08, 0.7740174390589302, -165.13401850751708], [-5.535306443745524e-08, 1.000000000000015, 6.766685547262952e-08, -9.190994426618255e-06], [-0.7740174390589246, -2.5878954742681514e-15, -0.6331642618770275, 294.0957331575968], [0.0, 0.0, 0.0, 1.0]], [[-0.6174499230797591, -8.742291017361758e-08, 0.7866101772634506, -171.04341095894733], [-5.397927121999294e-08, 1.000000000000015, 6.876774925321551e-08, -9.707610700439407e-06], [-0.786610177263445, -2.622964523817033e-15, -0.6174499230797494, 292.7814188754346], [0.0, 0.0, 0.0, 1.0]], [[-0.6014851975283295, -8.742291009642461e-08, 0.7988839312690825, -176.9251582722146], [-5.258358846462312e-08, 1.000000000000015, 6.984075650707803e-08, -1.022181015573478e-05], [-0.7988839312690768, -2.6564859498162343e-15, -0.6014851975283201, 291.3490470446939], [0.0, 0.0, 0.0, 1.0]], [[-0.5852765591984707, -8.742291001857224e-08, 0.8108337238536868, -182.7768752958053], [-5.1166582145138695e-08, 1.0000000000000153, 7.088544211098937e-08, -1.0733384275622625e-05], [-0.8108337238536809, -2.6884462142333814e-15, -0.5852765591984614, 289.7987203770633], [0.0, 0.0, 0.0, 1.0]], [[-0.5688305809768068, -8.74229099400921e-08, 0.8224547091671528, -188.5961890560143], [-4.9728826882411236e-08, 1.0000000000000153, 7.190138242664667e-08, -1.124212560784066e-05], [-0.8224547091671469, -2.7188322963186027e-15, -0.5688305809767978, 288.1309248614916], [0.0, 0.0, 0.0, 1.0]], [[-0.552153931995444, -8.742290986101602e-08, 0.8337421746964752, -194.380739719227], [-4.8270905711372106e-08, 1.000000000000015, 7.288816547246485e-08, -1.1747827848871602e-05], [-0.833742174696469, -2.7476319311589638e-15, -0.5521539319954354, 286.34629873676766], [0.0, 0.0, 0.0, 1.0]], [[-0.5352533749275199, -8.742290978137605e-08, 0.8446915431767605, -200.12818154887324], [-4.679340984458152e-08, 1.0000000000000155, 7.38453910906422e-08, -1.225028592760285e-05], [-0.8446915431767544, -2.774833411486323e-15, -0.5352533749275115, 284.4455565898744], [0.0, 0.0, 0.0, 1.0]], [[-0.5181357632448209, -8.742290970120446e-08, 0.8552983744473881, -205.83618385666477], [-4.5296938432481495e-08, 1.0000000000000153, 7.477267110943144e-08, -1.2749296088486443e-05], [-0.855298374447382, -2.8004256938922918e-15, -0.5181357632448126, 282.4294672476609], [0.0, 0.0, 0.0, 1.0]], [[-0.5008080384385799, -8.742290962053381e-08, 0.8655583672525721, -211.5024319477297], [-4.378209832042991e-08, 1.000000000000015, 7.566962950054994e-08, -1.3244655974165417e-05], [-0.865558367252566, -2.8243984521081505e-15, -0.500808038438572, 280.2988478913735], [0.0, 0.0, 0.0, 1.0]], [[-0.48327722720458194, -8.742290953939682e-08, 0.8754673609855984, -217.12462805926208], [-4.224950380261418e-08, 1.0000000000000155, 7.653590253166624e-08, -1.373616470753335e-05], [-0.8754673609855921, -2.8467419052960045e-15, -0.48327722720457433, 278.05456245862644], [0.0, 0.0, 0.0, 1.0]], [[-0.4655504385937113, -8.74229094578263e-08, 0.8850213373760202, -222.70049229230503], [-4.06997763729439e-08, 1.000000000000015, 7.737113891389937e-08, -1.4223622973193516e-05], [-0.8850213373760139, -2.8674470169210895e-15, -0.46555043859370393, 275.6975210361253], [0.0, 0.0, 0.0, 1.0]], [[-0.44763486112911155, -8.742290937585547e-08, 0.8942164221191409, -228.22776353628973], [-3.913354447302458e-08, 1.0000000000000153, 7.81749999442731e-08, -1.470683309828475e-05], [-0.8942164221191344, -2.8865054024605894e-15, -0.4476348611291045, 273.22867944397194], [0.0, 0.0, 0.0, 1.0]], [[-0.4295377598911118, -8.74229092935174e-08, 0.903048886447108, -233.70420038595475], [-3.755144323731332e-08, 1.000000000000015, 7.89471596430655e-08, -1.5185599132641246e-05], [-0.9030488864471016, -2.9039093297606285e-15, -0.4295377598911051, 270.6490388404697], [0.0, 0.0, 0.0, 1.0]], [[-0.41126647357110846, -8.742290921084564e-08, 0.9115151486409981, -239.1275820502761], [-3.5954114235560646e-08, 1.0000000000000153, 7.96873048859997e-08, -1.5659726928253825e-05], [-0.9115151486409916, -2.919651706162178e-15, -0.41126647357110196, 267.95964531502597], [0.0, 0.0, 0.0, 1.0]], [[-0.39282841149559894, -8.742290912787363e-08, 0.9196117754832637, -244.4957092530359], [-3.4342205212642863e-08, 1.0000000000000153, 8.039513553122121e-08, -1.6129024218000317e-05], [-0.919611775483257, -2.933726171509736e-15, -0.3928284114955927, 265.1615894637994], [0.0, 0.0, 0.0, 1.0]], [[-0.37423105062156964, -8.742290904463504e-08, 0.9273354836499638, -249.806405124668], [-3.27163698258903e-08, 1.0000000000000153, 8.107036454101067e-08, -1.6593300693613223e-05], [-0.9273354836499572, -2.9461270455797265e-15, -0.3742310506215638, 262.2560059474257], [0.0, 0.0, 0.0, 1.0]], [[-0.3554819325044579, -8.742290896116357e-08, 0.9346831410422101, -255.0575160850167], [-3.1077267380017285e-08, 1.000000000000015, 8.171271809818264e-08, -1.7052368082853143e-05], [-0.9346831410422033, -2.9568492622773677e-15, -0.35548193250445237, 259.24407303089185], [0.0, 0.0, 0.0, 1.0]], [[-0.33658866023992123, -8.742290887749318e-08, 0.9416517680562868, -260.2469127166507], [-2.9425562559763226e-08, 1.0000000000000153, 8.232193571712335e-08, -1.7506040225856346e-05], [-0.94165176805628, -2.9658884891252065e-15, -0.3365886602399159, 256.12701210572874], [0.0, 0.0, 0.0, 1.0]], [[-0.31755889538064647, -8.74229087936577e-08, 0.9482385387919327, -265.3724906283798], [-2.7761925160350755e-08, 1.000000000000015, 8.289777034942213e-08, -1.795413315062596e-05], [-0.9482385387919257, -2.973241048231361e-15, -0.31755889538064147, 252.90608719471493], [0.0, 0.0, 0.0, 1.0]], [[-0.29840035482945915, -8.742290870969119e-08, 0.9544407821982924, -270.4321713086217], [-2.6087029815872537e-08, 1.0000000000000153, 8.343998848405377e-08, -1.8396465147635705e-05], [-0.9544407821982855, -2.978904009314232e-15, -0.2984003548294545, 249.58260443929422], [0.0, 0.0, 0.0, 1.0]], [[-0.2791208077099807, -8.742290862562765e-08, 0.9602559831570765, -275.4239029682757], [-2.4401555725714803e-08, 1.0000000000000153, 8.394837024207158e-08, -1.8832856843516466e-05], [-0.9602559831570695, -2.9828749915623952e-15, -0.2791208077099763, 246.15791156991145], [0.0, 0.0, 0.0, 1.0]], [[-0.2597280722161153, -8.742290854150124e-08, 0.9656817835024828, -280.3456613727583], [-2.2706186379130483e-08, 1.0000000000000153, 8.442270946577188e-08, -1.9263131273795194e-05], [-0.9656817835024758, -2.9851524419531064e-15, -0.25972807221611127, 242.63339735948492], [0.0, 0.0, 0.0, 1.0]], [[-0.2402300124416351, -8.742290845734596e-08, 0.970715982977476, -285.1954506628659], [-2.100160927807225e-08, 1.0000000000000153, 8.486281380229466e-08, -1.9687113954657115e-05], [-0.970715982977469, -2.985735423882334e-15, -0.24023001244163136, 239.01049106023424], [0.0, 0.0, 0.0, 1.0]], [[-0.22063453519115123, -8.742290837319603e-08, 0.9753565401260299, -289.9713041641311], [-1.9288515658398355e-08, 1.0000000000000153, 8.526850478162612e-08, -2.0104632953702058e-05], [-0.9753565401260229, -2.9846236969646396e-15, -0.22063453519114773, 235.29066182409383], [0.0, 0.0, 0.0, 1.0]], [[-0.20094958677376673, -8.742290828908557e-08, 0.9796015731209743, -294.67128518434356], [-1.7567600209564485e-08, 1.0000000000000153, 8.563961788897137e-08, -2.0515518959665987e-05], [-0.9796015731209672, -2.9818177041909518e-15, -0.20094958677376362, 231.47541810694574], [0.0, 0.0, 0.0, 1.0]], [[-0.181183149780711, -8.742290820504864e-08, 0.9834493605271069, -299.29348779891166], [-1.5839560792915096e-08, 1.0000000000000153, 8.597600263146777e-08, -2.091960535107962e-05], [-0.9834493605270999, -2.9773186120278627e-15, -0.1811831497807082, 227.56630705691498], [0.0, 0.0, 0.0, 1.0]], [[-0.1613432398482564, -8.742290812111933e-08, 0.9868983419992674, -303.83603762374963], [-1.4105098158688207e-08, 1.0000000000000153, 8.62775225992129e-08, -2.1316728263836508e-05], [-0.9868983419992603, -2.971128231404716e-15, -0.16134323984825386, 223.56491388697324], [0.0, 0.0, 0.0, 1.0]], [[-0.1414379024072376, -8.742290803733172e-08, 0.989947118915084, -308.2970925753724], [-1.2364915661849024e-08, 1.0000000000000153, 8.654405552058077e-08, -2.1706726657642673e-05], [-0.989947118915077, -2.963249057816348e-15, -0.14143790240723542, 219.4728612321073], [0.0, 0.0, 0.0, 1.0]], [[-0.12147520942049134, -8.742290795371975e-08, 0.9925944549421395, -312.67484361789275], [-1.061971897686722e-08, 1.0000000000000155, 8.677549331180536e-08, -2.208944238132133e-05], [-0.9925944549421323, -2.9536842981924123e-15, -0.1214752094204894, 215.2918084913127], [0.0, 0.0, 0.0, 1.0]], [[-0.10146325610953134, -8.742290787031736e-08, 0.9948392765393247, -316.9675154966168], [-8.870215811553578e-09, 1.0000000000000153, 8.697174212081018e-08, -2.2464720236945893e-05], [-0.9948392765393175, -2.942437831593581e-15, -0.10146325610952975, 211.0234511546779], [0.0, 0.0, 0.0, 1.0]], [[-0.08141015767179528, -8.742290778715833e-08, 0.9966806733921795, -321.17336745794165], [-7.117115620071947e-09, 1.0000000000000153, 8.713272236526734e-08, -2.2832408042775554e-05], [-0.9966806733921724, -2.9295142096135617e-15, -0.08141015767179403, 206.66952011583342], [0.0, 0.0, 0.0, 1.0]], [[-0.06132404598979058, -8.742290770427635e-08, 0.998117898782041, -325.2906939552606], [-5.361129315243429e-09, 1.0000000000000153, 8.725836876486923e-08, -2.3192356694967526e-05], [-0.9981178987820339, -2.914918696486785e-15, -0.0613240459897896, 202.23178097004447], [0.0, 0.0, 0.0, 1.0]], [[-0.04121306633347258, -8.74229076217051e-08, 0.999150369888851, -329.3178253405928], [-3.602968980258429e-09, 1.0000000000000153, 8.734863036780101e-08, -2.354442022804137e-05], [-0.9991503698888436, -2.898657176848013e-15, -0.041213066333471944, 197.71203329823072], [0.0, 0.0, 0.0, 1.0]], [[-0.02108537405719585, -8.742290753947808e-08, 0.9997776680274987, -333.25312854165423], [-1.843347579914813e-09, 1.0000000000000153, 8.740347057140238e-08, -2.3888455874070466e-05], [-0.9997776680274915, -2.88073628848575e-15, -0.021085374057195582, 193.1121099372051], [0.0, 0.0, 0.0, 1.0]], [[-0.000949115608826609, -8.742290745250281e-08, 0.9999995231628493, -337.0950070064395], [-8.297730207177768e-11, 1.000000000000015, 8.742286196100787e-08, -2.4224323165048982e-05], [-0.9999995231628499, 9.46252042285405e-16, -0.0009491156088189516, 188.4338696137058], [0.0, 0.0, 0.0, 1.0]]]], ["setGripper", 27.0000009537], ["fingerGait", [[[-0.0009491156088266088, -8.742290745250277e-08, 0.9999995231628493, -337.0950070064395], [-8.297730207176446e-11, 1.0000000000000149, 8.742286196100787e-08, -2.4224323165048982e-05], [-0.9999995231628495, 9.462520352254462e-16, -0.0009491156088189516, 188.43386961370578], [0.0, 0.0, 0.0, 1.0]], [[-0.0009491156088266088, -8.742290745250277e-08, 0.9999995231628493, -331.995017003134], [-8.297730207176446e-11, 1.0000000000000149, 8.742286196100787e-08, -2.3687020861502256e-05], [-0.9999995231628495, 9.462520352254462e-16, -0.0009491156088189516, 189.47505407894008], [0.0, 0.0, 0.0, 1.0]], [[-0.0009491156088266088, -8.742290745250277e-08, 0.9999995231628493, -326.89502699982853], [-8.297730207176446e-11, 1.0000000000000149, 8.742286196100787e-08, -2.314971855795553e-05], [-0.9999995231628495, 9.462520352254462e-16, -0.0009491156088189516, 190.51623854417437], [0.0, 0.0, 0.0, 1.0]], [[-0.0009491156088266088, -8.742290745250277e-08, 0.9999995231628493, -321.79503699652304], [-8.297730207176446e-11, 1.0000000000000149, 8.742286196100787e-08, -2.2612416254408803e-05], [-0.9999995231628495, 9.462520352254462e-16, -0.0009491156088189516, 191.55742300940867], [0.0, 0.0, 0.0, 1.0]], [[-0.0009491156088266088, -8.742290745250277e-08, 0.9999995231628493, -316.69504699321755], [-8.297730207176446e-11, 1.0000000000000149, 8.742286196100787e-08, -2.2075113950862077e-05], [-0.9999995231628495, 9.462520352254462e-16, -0.0009491156088189516, 192.59860747464296], [0.0, 0.0, 0.0, 1.0]], [[-0.0009491156088266088, -8.742290745250277e-08, 0.9999995231628493, -311.59505698991205], [-8.297730207176446e-11, 1.0000000000000149, 8.742286196100787e-08, -2.153781164731535e-05], [-0.9999995231628495, 9.462520352254462e-16, -0.0009491156088189516, 193.63979193987726], [0.0, 0.0, 0.0, 1.0]], [[-0.0009491156088266088, -8.742290745250277e-08, 0.9999995231628493, -306.49506698660656], [-8.297730207176446e-11, 1.0000000000000149, 8.742286196100787e-08, -2.1000509343768624e-05], [-0.9999995231628495, 9.462520352254462e-16, -0.0009491156088189516, 194.68097640511155], [0.0, 0.0, 0.0, 1.0]], [[-0.0009491156088266088, -8.742290745250277e-08, 0.9999995231628493, -301.39507698330107], [-8.297730207176446e-11, 1.0000000000000149, 8.742286196100787e-08, -2.0463207040221898e-05], [-0.9999995231628495, 9.462520352254462e-16, -0.0009491156088189516, 195.72216087034585], [0.0, 0.0, 0.0, 1.0]], [[-0.0009491156088266088, -8.742290745250277e-08, 0.9999995231628493, -296.2950869799956], [-8.297730207176446e-11, 1.0000000000000149, 8.742286196100787e-08, -1.9925904736675172e-05], [-0.9999995231628495, 9.462520352254462e-16, -0.0009491156088189516, 196.76334533558014], [0.0, 0.0, 0.0, 1.0]], [[-0.0009491156088266088, -8.742290745250277e-08, 0.9999995231628493, -291.1950969766901], [-8.297730207176446e-11, 1.0000000000000149, 8.742286196100787e-08, -1.9388602433128446e-05], [-0.9999995231628495, 9.462520352254462e-16, -0.0009491156088189516, 197.80452980081444], [0.0, 0.0, 0.0, 1.0]], [[-0.0009491156088266088, -8.742290745250277e-08, 0.9999995231628493, -286.0951069733846], [-8.297730207176446e-11, 1.0000000000000149, 8.742286196100787e-08, -1.885130012958172e-05], [-0.9999995231628495, 9.462520352254462e-16, -0.0009491156088189516, 198.84571426604873], [0.0, 0.0, 0.0, 1.0]], [[-0.0009491156088266088, -8.742290745250277e-08, 0.9999995231628493, -280.9951169700791], [-8.297730207176446e-11, 1.0000000000000149, 8.742286196100787e-08, -1.8313997826034993e-05], [-0.9999995231628495, 9.462520352254462e-16, -0.0009491156088189516, 199.88689873128303], [0.0, 0.0, 0.0, 1.0]], [[-0.0009491156088266088, -8.742290745250277e-08, 0.9999995231628493, -275.8951269667736], [-8.297730207176446e-11, 1.0000000000000149, 8.742286196100787e-08, -1.7776695522488267e-05], [-0.9999995231628495, 9.462520352254462e-16, -0.0009491156088189516, 200.92808319651732], [0.0, 0.0, 0.0, 1.0]], [[-0.0009491156088266088, -8.742290745250277e-08, 0.9999995231628493, -270.7951369634681], [-8.297730207176446e-11, 1.0000000000000149, 8.742286196100787e-08, -1.723939321894154e-05], [-0.9999995231628495, 9.462520352254462e-16, -0.0009491156088189516, 201.96926766175162], [0.0, 0.0, 0.0, 1.0]], [[-0.0009491156088266088, -8.742290745250277e-08, 0.9999995231628493, -265.6951469601626], [-8.297730207176446e-11, 1.0000000000000149, 8.742286196100787e-08, -1.6702090915394815e-05], [-0.9999995231628495, 9.462520352254462e-16, -0.0009491156088189516, 203.0104521269859], [0.0, 0.0, 0.0, 1.0]], [[-0.0009491156088266088, -8.742290745250277e-08, 0.9999995231628493, -260.5951569568571], [-8.297730207176446e-11, 1.0000000000000149, 8.742286196100787e-08, -1.616478861184809e-05], [-0.9999995231628495, 9.462520352254462e-16, -0.0009491156088189516, 204.0516365922202], [0.0, 0.0, 0.0, 1.0]], [[-0.0009491156088266088, -8.742290745250277e-08, 0.9999995231628493, -255.49516695355163], [-8.297730207176446e-11, 1.0000000000000149, 8.742286196100787e-08, -1.5627486308301362e-05], [-0.9999995231628495, 9.462520352254462e-16, -0.0009491156088189516, 205.0928210574545], [0.0, 0.0, 0.0, 1.0]], [[-0.0009491156088266088, -8.742290745250277e-08, 0.9999995231628493, -250.39517695024614], [-8.297730207176446e-11, 1.0000000000000149, 8.742286196100787e-08, -1.5090184004754636e-05], [-0.9999995231628495, 9.462520352254462e-16, -0.0009491156088189516, 206.1340055226888], [0.0, 0.0, 0.0, 1.0]], [[-0.0009491156088266088, -8.742290745250277e-08, 0.9999995231628493, -245.29518694694065], [-8.297730207176446e-11, 1.0000000000000149, 8.742286196100787e-08, -1.455288170120791e-05], [-0.9999995231628495, 9.462520352254462e-16, -0.0009491156088189516, 207.1751899879231], [0.0, 0.0, 0.0, 1.0]], [[-0.0009491156088266088, -8.742290745250277e-08, 0.9999995231628493, -240.19519694363515], [-8.297730207176446e-11, 1.0000000000000149, 8.742286196100787e-08, -1.4015579397661184e-05], [-0.9999995231628495, 9.462520352254462e-16, -0.0009491156088189516, 208.21637445315739], [0.0, 0.0, 0.0, 1.0]], [[-0.0009491156088266088, -8.742290745250277e-08, 0.9999995231628493, -235.09520694032966], [-8.297730207176446e-11, 1.0000000000000149, 8.742286196100787e-08, -1.3478277094114457e-05], [-0.9999995231628495, 9.462520352254462e-16, -0.0009491156088189516, 209.25755891839168], [0.0, 0.0, 0.0, 1.0]], [[-0.0009491156088266088, -8.742290745250277e-08, 0.9999995231628493, -229.9952169370241], [-8.297730207176446e-11, 1.0000000000000149, 8.742286196100787e-08, -1.2940974790567745e-05], [-0.9999995231628495, 9.462520352254462e-16, -0.0009491156088189516, 210.29874338362583], [0.0, 0.0, 0.0, 1.0]]]], ["closeGripper", 0], ["pivot", [[[-0.0009491156088266089, -8.742290745250278e-08, 0.9999995231628493, -229.9952169370241], [-8.29773020717574e-11, 1.0000000000000149, 8.742286196100787e-08, -1.2940974790567748e-05], [-0.9999995231628496, 9.462520554882017e-16, -0.0009491156088189516, 210.29874338362583], [0.0, 0.0, 0.0, 1.0]], [[0.007580155478154651, -8.81685646676e-08, 0.9999712437811821, -231.7935967170535], [7.581922438452586e-08, 1.0000000000000084, 8.758476475754887e-08, -2.8891669305001702e-05], [-0.9999712437811891, -2.4668505339171977e-12, 0.007580155478168873, 211.3886079674119], [0.0, 0.0, 0.0, 1.0]]]]]