[["init", [[[-0.9999995231628418, -8.742277943234575e-08, -0.0009491156088267011, 139.56935939072113], [-8.742273394091171e-08, 1.0000000000000075, -8.297718068208391e-11, 1.3311350509342696e-05], [0.0009491156088190511, 9.461358020830535e-16, -0.9999995231628495, 120.89365559173748], [0.0, 0.0, 0.0, 1.0]]]], ["setGripper", 27.0000009537], ["fingerGait", [[[-0.9999995231628418, -8.742277943234575e-08, -0.0009491156088267011, 139.56935939072116], [-8.742273394091171e-08, 1.0000000000000075, -8.297718068207068e-11, 1.3311350509342698e-05], [0.0009491156088190511, 9.461358020769246e-16, -0.9999995231628495, 120.89365559173748], [0.0, 0.0, 0.0, 1.0]], [[-0.9999995231628418, -8.742277943234575e-08, -0.0009491156088267011, 137.52081047781044], [-8.742273394091171e-08, 1.0000000000000075, -8.297718068207068e-11, 1.355835757372707e-05], [0.0009491156088190511, 9.461358020769246e-16, -0.9999995231628495, 125.76958217316582], [0.0, 0.0, 0.0, 1.0]], [[-0.9999995231628418, -8.742277943234575e-08, -0.0009491156088267011, 135.47226156489972], [-8.742273394091171e-08, 1.0000000000000075, -8.297718068207068e-11, 1.3805364638111442e-05], [0.0009491156088190511, 9.461358020769246e-16, -0.9999995231628495, 130.64550875459415], [0.0, 0.0, 0.0, 1.0]], [[-0.9999995231628418, -8.742277943234575e-08, -0.0009491156088267011, 133.423712651989], [-8.742273394091171e-08, 1.0000000000000075, -8.297718068207068e-11, 1.4052371702495815e-05], [0.0009491156088190511, 9.461358020769246e-16, -0.9999995231628495, 135.52143533602248], [0.0, 0.0, 0.0, 1.0]], [[-0.9999995231628418, -8.742277943234575e-08, -0.0009491156088267011, 131.3751637390783], [-8.742273394091171e-08, 1.0000000000000075, -8.297718068207068e-11, 1.4299378766880187e-05], [0.0009491156088190511, 9.461358020769246e-16, -0.9999995231628495, 140.3973619174508], [0.0, 0.0, 0.0, 1.0]], [[-0.9999995231628418, -8.742277943234575e-08, -0.0009491156088267011, 129.32661482616757], [-8.742273394091171e-08, 1.0000000000000075, -8.297718068207068e-11, 1.4546385831264559e-05], [0.0009491156088190511, 9.461358020769246e-16, -0.9999995231628495, 145.27328849887914], [0.0, 0.0, 0.0, 1.0]], [[-0.9999995231628418, -8.742277943234575e-08, -0.0009491156088267011, 127.27806591325684], [-8.742273394091171e-08, 1.0000000000000075, -8.297718068207068e-11, 1.4793392895648931e-05], [0.0009491156088190511, 9.461358020769246e-16, -0.9999995231628495, 150.14921508030747], [0.0, 0.0, 0.0, 1.0]], [[-0.9999995231628418, -8.742277943234575e-08, -0.0009491156088267011, 125.2295170003461], [-8.742273394091171e-08, 1.0000000000000075, -8.297718068207068e-11, 1.5040399960033304e-05], [0.0009491156088190511, 9.461358020769246e-16, -0.9999995231628495, 155.0251416617358], [0.0, 0.0, 0.0, 1.0]], [[-0.9999995231628418, -8.742277943234575e-08, -0.0009491156088267011, 123.18096808743537], [-8.742273394091171e-08, 1.0000000000000075, -8.297718068207068e-11, 1.5287407024417674e-05], [0.0009491156088190511, 9.461358020769246e-16, -0.9999995231628495, 159.90106824316413], [0.0, 0.0, 0.0, 1.0]], [[-0.9999995231628418, -8.742277943234575e-08, -0.0009491156088267011, 121.13241917452464], [-8.742273394091171e-08, 1.0000000000000075, -8.297718068207068e-11, 1.5534414088802046e-05], [0.0009491156088190511, 9.461358020769246e-16, -0.9999995231628495, 164.77699482459246], [0.0, 0.0, 0.0, 1.0]], [[-0.9999995231628418, -8.742277943234575e-08, -0.0009491156088267011, 119.08387026161391], [-8.742273394091171e-08, 1.0000000000000075, -8.297718068207068e-11, 1.578142115318642e-05], [0.0009491156088190511, 9.461358020769246e-16, -0.9999995231628495, 169.6529214060208], [0.0, 0.0, 0.0, 1.0]], [[-0.9999995231628418, -8.742277943234575e-08, -0.0009491156088267011, 117.03532134870318], [-8.742273394091171e-08, 1.0000000000000075, -8.297718068207068e-11, 1.602842821757079e-05], [0.0009491156088190511, 9.461358020769246e-16, -0.9999995231628495, 174.52884798744913], [0.0, 0.0, 0.0, 1.0]], [[-0.9999995231628418, -8.742277943234575e-08, -0.0009491156088267011, 114.98677243579245], [-8.742273394091171e-08, 1.0000000000000075, -8.297718068207068e-11, 1.6275435281955163e-05], [0.0009491156088190511, 9.461358020769246e-16, -0.9999995231628495, 179.40477456887746], [0.0, 0.0, 0.0, 1.0]], [[-0.9999995231628418, -8.742277943234575e-08, -0.0009491156088267011, 112.93822352288171], [-8.742273394091171e-08, 1.0000000000000075, -8.297718068207068e-11, 1.6522442346339535e-05], [0.0009491156088190511, 9.461358020769246e-16, -0.9999995231628495, 184.2807011503058], [0.0, 0.0, 0.0, 1.0]], [[-0.9999995231628418, -8.742277943234575e-08, -0.0009491156088267011, 110.88967460997098], [-8.742273394091171e-08, 1.0000000000000075, -8.297718068207068e-11, 1.6769449410723908e-05], [0.0009491156088190511, 9.461358020769246e-16, -0.9999995231628495, 189.15662773173412], [0.0, 0.0, 0.0, 1.0]], [[-0.9999995231628418, -8.742277943234575e-08, -0.0009491156088267011, 108.84112569706028], [-8.742273394091171e-08, 1.0000000000000075, -8.297718068207068e-11, 1.701645647510827e-05], [0.0009491156088190511, 9.461358020769246e-16, -0.9999995231628495, 194.0325543131624], [0.0, 0.0, 0.0, 1.0]]]], ["closeGripper", 0], ["pivot", [[[-0.9999995231628418, -8.742277943234575e-08, -0.0009491156088267011, 108.84112569706028], [-8.742273394091171e-08, 1.0000000000000075, -8.297718068205744e-11, 1.7016456475108273e-05], [0.0009491156088190511, 9.46135802064363e-16, -0.9999995231628495, 194.0325543131624], [0.0, 0.0, 0.0, 1.0]], [[-0.9998158529540426, -8.742277931825002e-08, 0.01918872919529242, 104.88575408161371], [-8.740667692514341e-08, 1.0000000000000078, 1.677529096743824e-09, 1.667066689856619e-05], [-0.019188729195300066, 9.372407918444537e-16, -0.9998158529540502, 198.76086586543008], [0.0, 0.0, 0.0, 1.0]], [[-0.9992266908795893, -8.74227792039983e-08, 0.039318791692721816, 100.83596740978145], [-8.735517068520825e-08, 1.0000000000000075, 3.4373550221861854e-09, 1.631662329600649e-05], [-0.039318791692729456, 9.306451981435006e-16, -0.9992266908795966, 203.40856665875117], [0.0, 0.0, 0.0, 1.0]], [[-0.9982322758839116, -8.742277908963695e-08, 0.059432907803472476, 96.6934081395704], [-8.726823611031424e-08, 1.0000000000000075, 5.195786869116645e-09, 1.595446925567144e-05], [-0.059432907803480116, 9.263517341137523e-16, -0.9982322758839189, 207.97377174115186], [0.0, 0.0, 0.0, 1.0]], [[-0.9968330112684681, -8.74227789752123e-08, 0.07952291991487638, 92.45975635445001], [-8.714590845821695e-08, 1.0000000000000075, 6.952111476398455e-09, 1.558435165512558e-05], [-0.079522919914884, 9.24362067351163e-16, -0.9968330112684752, 212.45462961815878], [0.0, 0.0, 0.0, 1.0]], [[-0.995029464528181, -8.742277886077079e-08, 0.09958068019004139, 88.13672908196673], [-8.698823734092016e-08, 1.0000000000000075, 8.705616537520815e-09, 1.5206420601687078e-05], [-0.099580680190049, 9.246770581234094e-16, -0.9950294645281877, 216.8493230037039], [0.0, 0.0, 0.0, 1.0]], [[-0.9928223671212785, -8.742277874635885e-08, 0.11959805387234126, 83.72607959737503], [-8.67952867045549e-08, 1.0000000000000075, 1.0455590889486435e-08, 1.4820829371549264e-05], [-0.11959805387234886, 9.27296587316323e-16, -0.992822367121285, 221.15606955715452], [0.0, 0.0, 0.0, 1.0]], [[-0.9902126141726402, -8.742277863202284e-08, 0.1395669225846009, 79.2295967125675], [-8.65671348034449e-08, 1.0000000000000078, 1.220132480123569e-08, 1.4427734347616833e-05], [-0.13956692258460848, 9.322195696687803e-16, -0.9902126141726465, 225.3731226061712], [0.0, 0.0, 0.0, 1.0]], [[-0.9872012641107648, -8.742277851780915e-08, 0.15947918762163854, 74.64910405059284], [-8.630387416836957e-08, 1.0000000000000075, 1.3942110261489467e-08, 1.4027294956082326e-05], [-0.15947918762164606, 9.394440199471516e-16, -0.9872012641107711, 229.49877185509973], [0.0, 0.0, 0.0, 1.0]], [[-0.9837895382385067, -8.742277840376415e-08, 0.17932677323482962, 69.9864593060552], [-8.600561156903626e-08, 1.0000000000000078, 1.5677241265895262e-08, 1.3619673601768046e-05], [-0.17932677323483717, 9.489669735359626e-16, -0.9837895382385128, 233.5313440786096], [0.0, 0.0, 0.0, 1.0]], [[-0.9799788202377552, -8.7422778289934e-08, 0.19910162990736047, 65.2435534916952], [-8.567246797077823e-08, 1.0000000000000075, 1.7406014103358565e-08, 1.320503560226018e-05], [-0.19910162990736796, 9.607846320216818e-16, -0.9799788202377612, 237.46920380029835], [0.0, 0.0, 0.0, 1.0]], [[-0.9757706556082615, -8.74227781763649e-08, 0.21879573761884277, 60.42231017145883], [-8.530457848549514e-08, 1.0000000000000075, 1.9127727641444813e-08, 1.2783549120861496e-05], [-0.21879573761885024, 9.748921514344844e-16, -0.9757706556082673, 241.31075395598606], [0.0, 0.0, 0.0, 1.0]], [[-0.9711667510408344, -8.742277806310298e-08, 0.23840110909796577, 55.524684680363976], [-8.490209231685616e-08, 1.0000000000000075, 2.084168361073504e-08, 1.2355385098389937e-05], [-0.2384011090979732, 9.912838275367088e-16, -0.97116675104084, 245.05443654143124], [0.0, 0.0, 0.0, 1.0]], [[-0.9661689737251634, -8.742277795019407e-08, 0.2579097930618664, 50.55266333148188], [-8.446517269978789e-08, 1.0000000000000075, 2.254718688802074e-08, 1.1920717183850713e-05], [-0.2579097930618738, 1.0099530164135183e-15, -0.9661689737251691, 248.69873324420527], [0.0, 0.0, 0.0, 1.0]], [[-0.9607793505925499, -8.742277783768403e-08, 0.2773138774409034, 45.50826261035533], [-8.39939968342719e-08, 1.0000000000000075, 2.4243545778222508e-08, 1.1479721664010136e-05], [-0.27731387744091074, 1.0308921212380116e-15, -0.9607793505925551, 252.24216605946867], [0.0, 0.0, 0.0, 1.0]], [[-0.9550000674938511, -8.742277772561846e-08, 0.29660549258752805, 40.39352835717925], [-8.348875581347817e-08, 1.0000000000000075, 2.593007229491847e-08, 1.1032577391899546e-05], [-0.2966054925875354, 1.0540926584456711e-15, -0.9550000674938561, 255.68329788940127], [0.0, 0.0, 0.0, 1.0]], [[-0.9488334683129722, -8.742277761404284e-08, 0.31577681446795075, 35.210534937076446], [-8.29496545462642e-08, 1.0000000000000078, 2.760608243936857e-08, 1.0579465714278524e-05], [-0.31577681446795797, 1.079545257734364e-15, -0.948833468312977, 259.0207331260402], [0.0, 0.0, 0.0, 1.0]], [[-0.9422820540162653, -8.742277750300238e-08, 0.334820067835306, 29.961384398804668], [-8.237691167407078e-08, 1.0000000000000078, 2.9270896477921477e-08, 1.0120570398086726e-05], [-0.3348200678353132, 1.1072395694201128e-15, -0.94228205401627, 262.25311821729235], [0.0, 0.0, 0.0, 1.0]], [[-0.9353484816382213, -8.742277739254213e-08, 0.353727529383034, 24.648205622235622], [-8.177075948224835e-08, 1.0000000000000075, 3.092383921769202e-08, 9.656077555914123e-06], [-0.35372752938304114, 1.1371643570813246e-15, -0.9353484816382256, 265.3791422158893], [0.0, 0.0, 0.0, 1.0]], [[-0.9280355632038652, -8.742277728270691e-08, 0.3724915308771941, 19.27315345495279], [-8.113144380584983e-08, 1.0000000000000078, 3.2564240280396635e-08, 9.186175570520006e-06], [-0.3724915308772012, 1.1693074710890112e-15, -0.9280355632038695, 268.39753731106424], [0.0, 0.0, 0.0, 1.0]], [[-0.9203462645882938, -8.742277717354125e-08, 0.391104462266445, 13.838407838317252], [-8.045922392992818e-08, 1.0000000000000075, 3.419143437423643e-08, 8.711055018431214e-06], [-0.39110446226645207, 1.2036559015463483e-15, -0.9203462645882978, 271.30707934273335], [0.0, 0.0, 0.0, 1.0]], [[-0.9122837043138153, -8.742277706508944e-08, 0.40955877476842645, 8.346172923356448], [-7.975437248437902e-08, 1.0000000000000078, 3.580476156371742e-08, 8.230908592650672e-06], [-0.40955877476843344, 1.240195712114227e-15, -0.9122837043138191, 274.1065882979742], [0.0, 0.0, 0.0, 1.0]], [[-0.90385115228518, -8.742277695739541e-08, 0.4278469839312926, 2.798676176833979], [-7.9017175333371e-08, 1.0000000000000078, 3.740356753729799e-08, 7.74593102450755e-06], [-0.42784698393129955, 1.2789120797159232e-15, -0.9038511522851835, 276.7949287895991], [0.0, 0.0, 0.0, 1.0]], [[-0.8950520284634181, -8.742277685050288e-08, 0.44596167266915643, -2.8018325221361096], [-7.824793145940905e-08, 1.0000000000000075, 3.8987203872756146e-08, 7.256319004680762e-06], [-0.4459616726691633, 1.3197893077719868e-15, -0.8950520284634216, 279.37101051663115], [0.0, 0.0, 0.0, 1.0]], [[-0.8858899014788173, -8.742277674445522e-08, 0.46389549427021054, -8.45308179456508], [-7.744695284207687e-08, 1.0000000000000075, 4.0555028300167556e-08, 6.762271103427813e-06], [-0.4638954942702173, 1.3628108262002426e-15, -0.8858899014788206, 281.833788706493], [0.0, 0.0, 0.0, 1.0]], [[-0.8763684871836047, -8.74227766392954e-08, 0.4816411753763082, -14.152779682784995], [-7.66145643315085e-08, 1.0000000000000078, 4.210640496238892e-08, 6.263987690051304e-06], [-0.48164117537631485, 1.407959112006451e-15, -0.8763684871836076, 284.1822645387318], [0.0, 0.0, 0.0, 1.0]], [[-0.866491647144923, -8.74227765350661e-08, 0.49919151893279395, -19.898614579989882], [-7.575110351664009e-08, 1.0000000000000075, 4.36407046729403e-08, 5.761670851635901e-06], [-0.4991915189328005, 1.455215980451884e-15, -0.8664916471449259, 286.41548555010763], [0.0, 0.0, 0.0, 1.0]], [[-0.8562633870787069, -8.742277643180958e-08, 0.5165394071073884, -25.68825616774631], [-7.485692058829496e-08, 1.0000000000000078, 4.5157305171182156e-08, 5.255524311088525e-06], [-0.516539407107395, 1.5045621483019613e-15, -0.8562633870787095, 288.53254602088055], [0.0, 0.0, 0.0, 1.0]], [[-0.8456878552250991, -8.74227763295677e-08, 0.533677804176943, -31.519356361092484], [-7.393237819715803e-08, 1.0000000000000075, 4.665559137468338e-08, 4.745753344515188e-06], [-0.5336778041769495, 1.5559776705776147e-15, -0.8456878552251015, 290.53258734214035], [0.0, 0.0, 0.0, 1.0]], [[-0.8347693406660633, -8.742277622838194e-08, 0.5505997593808934, -37.389550260842945], [-7.297785130669677e-08, 1.0000000000000073, 4.813495562867818e-08, 4.232564697967866e-06], [-0.5505997593808999, 1.609441702327271e-15, -0.8347693406660656, 292.41479836402925], [0.0, 0.0, 0.0, 1.0]], [[-0.823512271585875, -8.742277612829338e-08, 0.5672984097402567, -43.296457112712766], [-7.199372704108857e-08, 1.0000000000000078, 4.959479795251064e-08, 3.71616650359518e-06], [-0.567298409740263, 1.6649324986268523e-15, -0.8235122715858769, 294.1784157247178], [0.0, 0.0, 0.0, 1.0]], [[-0.8119212134751991, -8.742277602934254e-08, 0.5837669828410239, -49.23768127287145], [-7.098040452821617e-08, 1.0000000000000075, 5.1034526282966485e-08, 3.1967681952310337e-06], [-0.5837669828410302, 1.7224276395729025e-15, -0.811921213475201, 295.8227241599983], [0.0, 0.0, 0.0, 1.0]], [[-0.8000008672794788, -8.74227759315696e-08, 0.5999987995808275, -55.210813179536494], [-6.993829473779466e-08, 1.0000000000000078, 5.245355671439456e-08, 2.674580423455167e-06], [-0.5999987995808337, 1.781903725880122e-15, -0.8000008672794804, 297.34705679337213], [0.0, 0.0, 0.0, 1.0]], [[-0.7877560674923904, -8.742277583501418e-08, 0.6159872768777593, -61.213430330210436], [-6.8867820314696e-08, 1.0000000000000075, 5.385131373551907e-08, 2.1498149701603933e-06], [-0.6159872768777653, 1.8433366832838338e-15, -0.7877560674923916, 298.750795406513], [0.0, 0.0, 0.0, 1.0]], [[-0.7751917801951327, -8.742277573971545e-08, 0.6317259303402497, -67.24309826416747], [-6.776941540753832e-08, 1.0000000000000078, 5.522723046284788e-08, 1.6226846626609273e-06], [-0.6317259303402557, 1.906701577251525e-15, -0.7751917801951338, 300.0333706899951], [0.0, 0.0, 0.0, 1.0]], [[-0.7623131010423525, -8.742277564571208e-08, 0.6472083768969193, -73.29737154978861], [-6.664352549260981e-08, 1.0000000000000075, 5.658074887058143e-08, 1.0934032873767274e-06], [-0.6472083768969252, 1.9719727453317467e-15, -0.7623131010423535, 301.194262474186], [0.0, 0.0, 0.0, 1.0]], [[-0.7491252531955168, -8.742277555304218e-08, 0.6624283373853403, -79.37379477634751], [-6.549060719319841e-08, 1.000000000000008, 5.791132001692936e-08, 5.621855031289073e-07], [-0.6624283373853461, 2.0391236383354337e-15, -0.7491252531955176, 302.2329999402107], [0.0, 0.0, 0.0, 1.0]], [[-0.735633585204572, -8.74227754617433e-08, 0.6773796390986527, -85.4699035498427], [-6.431112809440074e-08, 1.0000000000000075, 5.921840426674292e-08, 2.924675408127668e-08], [-0.6773796390986584, 2.1081270850337044e-15, -0.7356335852045724, 303.14916181089893], [0.0, 0.0, 0.0, 1.0]], [[-0.721843568838753, -8.742277537185255e-08, 0.6920562182890103, -91.58322549247333], [-6.310556655348514e-08, 1.0000000000000078, 6.0501471510373e-08, -5.051968176366016e-07], [-0.6920562182890159, 2.1789551068693995e-15, -0.7218435688387532, 303.9423765216423], [0.0, 0.0, 0.0, 1.0]], [[-0.7077607968674151, -8.742277528340631e-08, 0.7064521226268311, -97.71128124535284], [-6.187441150588599e-08, 1.0000000000000075, 6.176000137866475e-08, -1.0409284595894236e-06], [-0.7064521226268365, 2.2515789311919755e-15, -0.7077607968674152, 304.6123223710872], [0.0, 0.0, 0.0, 1.0]], [[-0.6933909807917952, -8.742277519644051e-08, 0.7205615136148658, -103.85158547405416], [-6.061816226690793e-08, 1.000000000000008, 6.299348345400203e-08, -1.577730896943685e-06], [-0.7205615136148711, 2.3259691236064e-15, -0.693390980791795, 305.15872765160725], [0.0, 0.0, 0.0, 1.0]], [[-0.6787399485286156, -8.742277511099036e-08, 0.7343786689560953, -110.00164787657832], [-5.9337328329220116e-08, 1.0000000000000075, 6.420141747731557e-08, -2.115386420587085e-06], [-0.7343786689561005, 2.4020955482684836e-15, -0.6787399485286153, 305.5813707594982], [0.0, 0.0, 0.0, 1.0]], [[-0.6638136420464795, -8.742277502709053e-08, 0.7478979848745032, -116.15897419333704], [-5.803242915622324e-08, 1.0000000000000078, 6.53833135509715e-08, -2.653676975424054e-06], [-0.7478979848745082, 2.4799272818580965e-15, -0.6638136420464789, 305.8800802848531], [0.0, 0.0, 0.0, 1.0]], [[-0.6486181149560036, -8.74227749447751e-08, 0.7611139783877808, -122.32106721874189], [-5.6703993971372345e-08, 1.0000000000000075, 6.653869233745734e-08, -3.1923842488116335e-06], [-0.7611139783877857, 2.55943279225018e-15, -0.6486181149560027, 306.0547350810805], [0.0, 0.0, 0.0, 1.0]], [[-0.6331595300546781, -8.742277486407738e-08, 0.7740212895310398, -128.48542781398658], [-5.535256154354163e-08, 1.0000000000000075, 6.766708525378519e-08, -3.7312897590997373e-06], [-0.7740212895310447, 2.6405798127832946e-15, -0.6331595300546772, 306.1052643140372], [0.0, 0.0, 0.0, 1.0]], [[-0.6174441568274424, -8.742277478503018e-08, 0.7866146835306363, -134.64955592061435], [-5.397867996851784e-08, 1.0000000000000073, 6.876803466153351e-08, -4.270174944240029e-06], [-0.7866146835306411, 2.7233354349038468e-15, -0.6174441568274412, 306.03164749075654], [0.0, 0.0, 0.0, 1.0]], [[-0.6014783689039911, -8.74227747076655e-08, 0.7988890529272191, -140.81095157445816], [-5.258290644671078e-08, 1.0000000000000078, 6.984109405244984e-08, -4.808821250427384e-06], [-0.7988890529272237, 2.8076660816963113e-15, -0.6014783689039895, 305.83391446775954], [0.0, 0.0, 0.0, 1.0]], [[-0.585268641473843, -8.742277463201471e-08, 0.8108394196471438, -146.9671159195422], [-5.116580705717163e-08, 1.0000000000000078, 7.088582822953939e-08, -5.347010220737967e-06], [-0.8108394196471483, 2.893537613762349e-15, -0.5852686414738414, 305.51214543894616], [0.0, 0.0, 0.0, 1.0]], [[-0.5688215486602207, -8.742277455810854e-08, 0.8224609370214145, -153.1155522215348], [-4.972795652801018e-08, 1.0000000000000075, 7.19018134835669e-08, -5.884523583728099e-06], [-0.8224609370214189, 2.9809151505497947e-15, -0.5688215486602188, 305.06647090307115], [0.0, 0.0, 0.0, 1.0]], [[-0.5521437608538065, -8.742277448597691e-08, 0.8337488917513294, -159.25376688033995], [-4.826993800330422e-08, 1.0000000000000078, 7.288863776489851e-08, -6.421143341957836e-06], [-0.8337488917513335, 3.069763249023668e-15, -0.5521437608538043, 304.4970716108181], [0.0, 0.0, 0.0, 1.0]], [[-0.535242042007455, -8.742277441564914e-08, 0.844698705820037, -165.37927044141804], [-4.679234280659607e-08, 1.0000000000000078, 7.384590085061541e-08, -6.956651860403395e-06], [-0.8446987058200411, 3.1600459036661767e-15, -0.5352420420074525, 303.80417849149353], [0.0, 0.0, 0.0, 1.0]], [[-0.5181232468929594, -8.742277434715369e-08, 0.8553059383492277, -171.48957860542586], [-4.529577020107118e-08, 1.0000000000000075, 7.477321450683092e-08, -7.4908319547227275e-06], [-0.8553059383492317, 3.2517264935371532e-15, -0.518123246892957, 302.9880725593688], [0.0, 0.0, 0.0, 1.0]], [[-0.5007943183209874, -8.742277428051835e-08, 0.8655662874002044, -177.58221323576444], [-4.3780827146517385e-08, 1.0000000000000078, 7.56702026461452e-08, -8.023466979338127e-06], [-0.8655662874002082, 3.3447678021263936e-15, -0.5007943183209845, 302.04908479971084], [0.0, 0.0, 0.0, 1.0]], [[-0.483262284325307, -8.742277421577016e-08, 0.8754755917186052, -183.6547033636292], [-4.2248128053162e-08, 1.0000000000000075, 7.653650148017351e-08, -8.554340915300504e-06], [-0.875475591718609, 3.439132169554887e-15, -0.48326228432530405, 300.98759603454573], [0.0, 0.0, 0.0, 1.0]], [[-0.4655342553124514, -8.742277415293539e-08, 0.8850298324220699, -189.70458619015216], [-4.0698294532487824e-08, 1.0000000000000075, 7.7371759667087e-08, -9.083238457899427e-06], [-0.8850298324220734, 3.5347812344944676e-15, -0.4655342553124482, 299.8040367682089], [0.0, 0.0, 0.0, 1.0]], [[-0.44761742117797815, -8.742277409203949e-08, 0.8942251346301627, -195.72940808522998], [-3.91319551451282e-08, 1.000000000000008, 7.817563845410476e-08, -9.60994510398347e-06], [-0.8942251346301662, 3.631676271657501e-15, -0.44761742117797476, 298.49888701274847], [0.0, 0.0, 0.0, 1.0]], [[-0.42951904839048505, -8.74227740331072e-08, 0.9030577690358951, -201.7267255826354], [-3.754974514594379e-08, 1.0000000000000075, 7.894781181488089e-08, -1.0134247238955584e-05], [-0.9030577690358984, 3.729777960186315e-15, -0.42951904839048133, 297.0726760932471], [0.0, 0.0, 0.0, 1.0]], [[-0.4112464770445769, -8.742277397616239e-08, 0.9115241534182079, -207.69410637100415], [-3.595230622638477e-08, 1.0000000000000075, 7.96879665817298e-08, -1.0655932223407923e-05], [-0.9115241534182111, 3.829046529236988e-15, -0.4112464770445732, 295.52598243314674], [0.0, 0.0, 0.0, 1.0]], [[-0.3928071178839646, -8.742277392122812e-08, 0.9196208540947998, -213.62913028030036], [-3.434028625424165e-08, 1.0000000000000075, 8.039580257263662e-08, -1.1174788479361455e-05], [-0.9196208540948028, 3.929441685187454e-15, -0.3928071178839606, 293.8594333196579], [0.0, 0.0, 0.0, 1.0]], [[-0.37420844929591884, -8.742277386832678e-08, 0.9273445873147156, -219.52939026335577], [-3.271433901089241e-08, 1.0000000000000078, 8.10710327130009e-08, -1.169060557607473e-05], [-0.9273445873147185, 4.030922730751511e-15, -0.3742084492959146, 292.07370464935445], [0.0, 0.0, 0.0, 1.0]], [[-0.355458014278285, -8.742277381747974e-08, 0.9346922205901229, -225.39249337208753], [-3.107512392615027e-08, 1.0000000000000075, 8.171338315206441e-08, -1.2203174315387633e-05], [-0.9346922205901255, 4.1334484988043705e-15, -0.3554580142782805, 290.1695206540513], [0.0, 0.0, 0.0, 1.0]], [[-0.33656341738029527, -8.742277376870762e-08, 0.9416607739667472, -231.21606172799835], [-2.9423305810821087e-08, 1.0000000000000075, 8.232259337397601e-08, -1.271228681656516e-05], [-0.9416607739667499, 4.236977428483278e-15, -0.33656341738029066, 288.14765360708157], [0.0, 0.0, 0.0, 1.0]], [[-0.31753232161841854, -8.742277372203026e-08, 0.9482474212324405, -236.9977334865642], [-2.775955458707833e-08, 1.0000000000000075, 8.289841630344806e-08, -1.3217736600606891e-05], [-0.948247421232443, 4.341467512247949e-15, -0.3175323216184137, 286.0089235100868], [0.0, 0.0, 0.0, 1.0]], [[-0.29837244536849666, -8.742277367746655e-08, 0.9544494910633984, -242.73516379511932], [-2.608454501676511e-08, 1.0000000000000078, 8.344061840596196e-08, -1.371931867398796e-05], [-0.9544494910634007, 4.446876378598634e-15, -0.29837244536849156, 283.7541977604528], [0.0, 0.0, 0.0, 1.0]], [[-0.2790915592354306, -8.742277363503454e-08, 0.9602644681075589, -248.42602574385015], [-2.4398956427733343e-08, 1.0000000000000075, 8.394897978248173e-08, -1.4216829611797524e-05], [-0.960264468107561, 4.5531612887673936e-15, -0.2790915592354254, 281.38439079952224], [0.0, 0.0, 0.0, 1.0]], [[-0.25969748290168065, -8.742277359475146e-08, 0.965689994004747, -254.06801130951231], [-2.270347243833096e-08, 1.0000000000000075, 8.442329425863804e-08, -1.4710067640241201e-05], [-0.9656899940047489, 4.660279120174488e-15, -0.2596974829016752, 278.90046374172704], [0.0, 0.0, 0.0, 1.0]], [[-0.24019808195586678, -8.742277355663368e-08, 0.9707238683431454, -259.65883229148767], [-2.099878068014935e-08, 1.0000000000000078, 8.486336946834543e-08, -1.51988327184737e-05], [-0.9707238683431472, 4.768186442528994e-15, -0.24019808195586118, 276.30342398479354], [0.0, 0.0, 0.0, 1.0]], [[-0.22060126470274888, -8.742277352069659e-08, 0.9753640495517071, -265.1962212398013], [-1.92855725191429e-08, 1.0000000000000078, 8.526902693181952e-08, -1.56829266197287e-05], [-0.9753640495517087, 4.876839494667742e-15, -0.22060126470274313, 273.5943248011747], [0.0, 0.0, 0.0, 1.0]], [[-0.20091497895588245, -8.742277348695483e-08, 0.9796086557281508, -270.6779323747238], [-1.7564542775234138e-08, 1.0000000000000075, 8.564010212796252e-08, -1.6162153011713006e-05], [-0.9796086557281523, 4.986194184555325e-15, -0.20091497895587648, 270.77426491087914], [0.0, 0.0, 0.0, 1.0]], [[-0.18114720881425073, -8.742277345542206e-08, 0.9834559654021952, -276.1017424975849], [-1.5836389440517912e-08, 1.0000000000000078, 8.59764445610876e-08, -1.6636317536232397e-05], [-0.9834559654021966, 5.096206191854489e-15, -0.1811472088142445, 267.8443880358658], [0.0, 0.0, 0.0, 1.0]], [[-0.16130597142418185, -8.742277342611107e-08, 0.9869044182337307, -281.4654518924277], [-1.410181339617927e-08, 1.0000000000000075, 8.627791782195466e-08, -1.710522788801674e-05], [-0.986904418233732, 5.206830881899348e-15, -0.16130597142417558, 264.8058824361895], [0.0, 0.0, 0.0, 1.0]], [[-0.14139931372786316, -8.742277339903375e-08, 0.9899526156456413, -286.76688521814015], [-1.236151812823943e-08, 1.0000000000000078, 8.65443996430935e-08, -1.7568693892712615e-05], [-0.9899526156456424, 5.318023383450368e-15, -0.14139931372785663, 261.6599804280821], [0.0, 0.0, 0.0, 1.0]], [[-0.12143530919976916, -8.742277337420104e-08, 0.99259932139102, -292.0038923907007], [-1.0616209442245354e-08, 1.0000000000000075, 8.677578194839137e-08, -1.802652758401168e-05], [-0.992599321391021, 5.429738644942641e-15, -0.12143530919976256, 258.4079578841662], [0.0, 0.0, 0.0, 1.0]], [[-0.10142205457233112, -8.742277335162311e-08, 0.994843462054551, -297.17434945518056], [-8.866595177018781e-09, 1.0000000000000075, 8.697197089692519e-08, -1.8478543279883484e-05], [-0.9948434620545515, 5.5419312938651876e-15, -0.10142205457232431, 255.05113371600385], [0.0, 0.0, 0.0, 1.0]], [[-0.08136766655217338, -8.742277333130901e-08, 0.9966841274878476, -302.27615944714853], [-7.1133849175801564e-09, 1.0000000000000078, 8.713288692101995e-08, -1.8924557657881926e-05], [-0.9966841274878482, 5.6545558609268974e-15, -0.08136766655216636, 251.59086933919045], [0.0, 0.0, 0.0, 1.0]], [[-0.06128027852824776, -8.742277331326706e-08, 0.9981205711785817, -307.30725324312994], [-5.3572897073650666e-09, 1.0000000000000075, 8.725846475851904e-08, -1.9364389829494676e-05], [-0.9981205711785821, 5.767566679140498e-15, -0.061280278528240625, 248.02856812120967], [0.0, 0.0, 0.0, 1.0]], [[-0.041168037273205386, -8.742277329750449e-08, 0.9991522105532418, -312.26559039977326], [-3.5990217598485836e-09, 1.0000000000000075, 8.734865347925218e-08, -1.979786141350551e-05], [-0.9991522105532421, 5.8809179090515625e-15, -0.041168037273198045, 244.36567481227502], [0.0, 0.0, 0.0, 1.0]], [[-0.02103909963933486, -8.742277328402776e-08, 0.9997786272134064, -317.14915998138656], [-1.839294169695344e-09, 1.0000000000000075, 8.740341650569112e-08, -2.0224796608339787e-05], [-0.9997786272134065, 5.994563551146218e-15, -0.02103909963932732, 240.60367495938698], [0.0, 0.0, 0.0, 1.0]], [[-0.0009016136173161173, -8.742277563118474e-08, 0.9999995827674941, -321.95598811628133], [-7.882162283980849e-11, 1.0000000000000075, 8.742274104014218e-08, -2.0645023855381252e-05], [-0.9999995827674866, 1.4153837162255981e-14, -0.0009016136173161174, 236.7440949721619], [0.0, 0.0, 0.0, 1.0]]]], ["setGripper", 27.0000009537], ["fingerGait", [[[-0.0009016136173161172, -8.742277563118474e-08, 0.9999995827674941, -321.95598811628133], [-7.882162283979879e-11, 1.0000000000000075, 8.742274104014216e-08, -2.0645023855381256e-05], [-0.9999995827674866, 1.4153837142570374e-14, -0.0009016136173161174, 236.74409497216192], [0.0, 0.0, 0.0, 1.0]], [[-0.0009016136173161172, -8.742277563118474e-08, 0.9999995827674941, -317.0801587742835], [-7.882162283979879e-11, 1.0000000000000075, 8.742274104014216e-08, -2.0644862193916557e-05], [-0.9999995827674866, 1.4153837142570374e-14, -0.0009016136173161174, 238.7928755312177], [0.0, 0.0, 0.0, 1.0]], [[-0.0009016136173161172, -8.742277563118474e-08, 0.9999995827674941, -312.2043294322857], [-7.882162283979879e-11, 1.0000000000000075, 8.742274104014216e-08, -2.064470053245186e-05], [-0.9999995827674866, 1.4153837142570374e-14, -0.0009016136173161174, 240.8416560902735], [0.0, 0.0, 0.0, 1.0]], [[-0.0009016136173161172, -8.742277563118474e-08, 0.9999995827674941, -307.3285000902879], [-7.882162283979879e-11, 1.0000000000000075, 8.742274104014216e-08, -2.064453887098716e-05], [-0.9999995827674866, 1.4153837142570374e-14, -0.0009016136173161174, 242.89043664932927], [0.0, 0.0, 0.0, 1.0]], [[-0.0009016136173161172, -8.742277563118474e-08, 0.9999995827674941, -302.4526707482901], [-7.882162283979879e-11, 1.0000000000000075, 8.742274104014216e-08, -2.064437720952246e-05], [-0.9999995827674866, 1.4153837142570374e-14, -0.0009016136173161174, 244.93921720838506], [0.0, 0.0, 0.0, 1.0]], [[-0.0009016136173161172, -8.742277563118474e-08, 0.9999995827674941, -297.57684140629226], [-7.882162283979879e-11, 1.0000000000000075, 8.742274104014216e-08, -2.0644215548057763e-05], [-0.9999995827674866, 1.4153837142570374e-14, -0.0009016136173161174, 246.98799776744085], [0.0, 0.0, 0.0, 1.0]], [[-0.0009016136173161172, -8.742277563118474e-08, 0.9999995827674941, -292.70101206429445], [-7.882162283979879e-11, 1.0000000000000075, 8.742274104014216e-08, -2.0644053886593065e-05], [-0.9999995827674866, 1.4153837142570374e-14, -0.0009016136173161174, 249.03677832649663], [0.0, 0.0, 0.0, 1.0]], [[-0.0009016136173161172, -8.742277563118474e-08, 0.9999995827674941, -287.82518272229663], [-7.882162283979879e-11, 1.0000000000000075, 8.742274104014216e-08, -2.0643892225128366e-05], [-0.9999995827674866, 1.4153837142570374e-14, -0.0009016136173161174, 251.08555888555242], [0.0, 0.0, 0.0, 1.0]], [[-0.0009016136173161172, -8.742277563118474e-08, 0.9999995827674941, -282.9493533802988], [-7.882162283979879e-11, 1.0000000000000075, 8.742274104014216e-08, -2.0643730563663667e-05], [-0.9999995827674866, 1.4153837142570374e-14, -0.0009016136173161174, 253.1343394446082], [0.0, 0.0, 0.0, 1.0]], [[-0.0009016136173161172, -8.742277563118474e-08, 0.9999995827674941, -278.073524038301], [-7.882162283979879e-11, 1.0000000000000075, 8.742274104014216e-08, -2.064356890219897e-05], [-0.9999995827674866, 1.4153837142570374e-14, -0.0009016136173161174, 255.183120003664], [0.0, 0.0, 0.0, 1.0]], [[-0.0009016136173161172, -8.742277563118474e-08, 0.9999995827674941, -273.1976946963032], [-7.882162283979879e-11, 1.0000000000000075, 8.742274104014216e-08, -2.064340724073427e-05], [-0.9999995827674866, 1.4153837142570374e-14, -0.0009016136173161174, 257.2319005627198], [0.0, 0.0, 0.0, 1.0]], [[-0.0009016136173161172, -8.742277563118474e-08, 0.9999995827674941, -268.3218653543054], [-7.882162283979879e-11, 1.0000000000000075, 8.742274104014216e-08, -2.0643245579269572e-05], [-0.9999995827674866, 1.4153837142570374e-14, -0.0009016136173161174, 259.28068112177556], [0.0, 0.0, 0.0, 1.0]], [[-0.0009016136173161172, -8.742277563118474e-08, 0.9999995827674941, -263.44603601230756], [-7.882162283979879e-11, 1.0000000000000075, 8.742274104014216e-08, -2.0643083917804873e-05], [-0.9999995827674866, 1.4153837142570374e-14, -0.0009016136173161174, 261.32946168083134], [0.0, 0.0, 0.0, 1.0]], [[-0.0009016136173161172, -8.742277563118474e-08, 0.9999995827674941, -258.57020667030974], [-7.882162283979879e-11, 1.0000000000000075, 8.742274104014216e-08, -2.0642922256340175e-05], [-0.9999995827674866, 1.4153837142570374e-14, -0.0009016136173161174, 263.37824223988713], [0.0, 0.0, 0.0, 1.0]], [[-0.0009016136173161172, -8.742277563118474e-08, 0.9999995827674941, -253.6943773283119], [-7.882162283979879e-11, 1.0000000000000075, 8.742274104014216e-08, -2.0642760594875476e-05], [-0.9999995827674866, 1.4153837142570374e-14, -0.0009016136173161174, 265.4270227989429], [0.0, 0.0, 0.0, 1.0]], [[-0.0009016136173161172, -8.742277563118474e-08, 0.9999995827674941, -248.81854798631372], [-7.882162283979879e-11, 1.0000000000000075, 8.742274104014216e-08, -2.064259893341076e-05], [-0.9999995827674866, 1.4153837142570374e-14, -0.0009016136173161174, 267.47580335799876], [0.0, 0.0, 0.0, 1.0]]]], ["closeGripper", 0], ["pivot", [[[-0.0009016136173161171, -8.742277563118474e-08, 0.9999995827674941, -248.8185479863137], [-7.882162283979877e-11, 1.0000000000000075, 8.742274104014216e-08, -2.064259893341076e-05], [-0.9999995827674865, 1.415383714257728e-14, -0.0009016136173161174, 267.47580335799876], [0.0, 0.0, 0.0, 1.0]], [[-0.022551207476982568, -8.732179622262152e-08, 0.9997456784020659, -242.9954529573282], [-6.402698428133734e-10, 1.0000000000000073, 8.73295671596185e-08, -2.048111706019261e-05], [-0.9997456784020583, 1.329294389532885e-09, -0.02255120747698245, 270.025407859712], [0.0, 0.0, 0.0, 1.0]], [[-0.04419023002083521, -8.719206181194103e-08, 0.9990231238629981, -237.1185243089112], [-1.199569270713416e-09, 1.0000000000000075, 8.722425986797156e-08, -2.0318743114888066e-05], [-0.9990231238629904, 2.656076876849658e-09, -0.04419023002083497, 272.4483458476034], [0.0, 0.0, 0.0, 1.0]], [[-0.06580853753743657, -8.7033633214664e-08, 0.9978322578617416, -231.1905169653309], [-1.756457724087265e-09, 1.0000000000000075, 8.710686853003638e-08, -2.015555321343272e-05], [-0.9978322578617339, 3.979739660767804e-09, -0.0658085375374362, 274.7434815225059], [0.0, 0.0, 0.0, 1.0]], [[-0.08739599602591987, -8.684658469726765e-08, 0.996173638639828, -225.21420979498447], [-2.3106741506733183e-09, 1.0000000000000075, 8.697744817527904e-08, -1.999162385425743e-05], [-0.9961736386398203, 5.299662248689127e-09, -0.0873959960259194, 276.9097389950649], [0.0, 0.0, 0.0, 1.0]], [[-0.10894248594649851, -8.66310039423717e-08, 0.9940480437071814, -219.19240430774954], [-2.8619587507743514e-09, 1.0000000000000075, 8.683605947200055e-08, -1.9827031882428194e-05], [-0.9940480437071737, 6.615225901304839e-09, -0.10894248594649791, 278.9461027900826], [0.0, 0.0, 0.0, 1.0]], [[-0.13043790696419658, -8.638699200763551e-08, 0.9914564694776453, -213.12792334172198], [-3.4100530990436506e-09, 1.0000000000000075, 8.668276869889733e-08, -1.966185445362355e-05], [-0.9914564694776377, 7.925813922641604e-09, -0.13043790696419588, 280.85161832254136], [0.0, 0.0, 0.0, 1.0]], [[-0.1518721826835767, -8.640870277345292e-08, 0.9884001308018955, -207.02360973995596], [-7.921923219617179e-09, 1.0000000000000078, 8.62200311925108e-08, -1.8398746477218908e-05], [-0.9884001308018878, 1.3198301582994054e-08, -0.15187218268357547, 282.6253923450837], [0.0, 0.0, 0.0, 1.0]]]]]