[["init", [[[-0.9999995827674866, -1.104187718915098e-19, 0.0009016376570798457, 106.75590761161216], [0.0, -1.0, -1.2246468525851679e-16, 4.76837158203125e-07], [0.0009016376570798457, -1.2246463416226835e-16, 0.9999995827674866, 118.09838208321816], [0.0, 0.0, 0.0, 1.0]]]], ["setGripper", 27.0000009537], ["fingerGait", [[[-0.9999995827674866, -1.104187718915098e-19, 0.0009016376570798457, 106.75590761161216], [0.0, -1.0, -1.2246468525851679e-16, 4.76837158203125e-07], [0.0009016376570798457, -1.2246463416226835e-16, 0.9999995827674866, 118.09838208321816], [0.0, 0.0, 0.0, 1.0]], [[-0.9999995827674866, -1.104187718915098e-19, 0.0009016376570798457, 107.70519762670071], [0.0, -1.0, -1.2246468525851679e-16, 4.76837158203125e-07], [0.0009016376570798457, -1.2246463416226835e-16, 0.9999995827674866, 123.30284726488013], [0.0, 0.0, 0.0, 1.0]], [[-0.9999995827674866, -1.104187718915098e-19, 0.0009016376570798457, 108.65448764178926], [0.0, -1.0, -1.2246468525851679e-16, 4.76837158203125e-07], [0.0009016376570798457, -1.2246463416226835e-16, 0.9999995827674866, 128.5073124465421], [0.0, 0.0, 0.0, 1.0]], [[-0.9999995827674866, -1.104187718915098e-19, 0.0009016376570798457, 109.60377765687781], [0.0, -1.0, -1.2246468525851679e-16, 4.76837158203125e-07], [0.0009016376570798457, -1.2246463416226835e-16, 0.9999995827674866, 133.7117776282041], [0.0, 0.0, 0.0, 1.0]], [[-0.9999995827674866, -1.104187718915098e-19, 0.0009016376570798457, 110.55306767196636], [0.0, -1.0, -1.2246468525851679e-16, 4.76837158203125e-07], [0.0009016376570798457, -1.2246463416226835e-16, 0.9999995827674866, 138.91624280986608], [0.0, 0.0, 0.0, 1.0]], [[-0.9999995827674866, -1.104187718915098e-19, 0.0009016376570798457, 111.50235768705491], [0.0, -1.0, -1.2246468525851679e-16, 4.76837158203125e-07], [0.0009016376570798457, -1.2246463416226835e-16, 0.9999995827674866, 144.12070799152806], [0.0, 0.0, 0.0, 1.0]], [[-0.9999995827674866, -1.104187718915098e-19, 0.0009016376570798457, 112.45164770214346], [0.0, -1.0, -1.2246468525851679e-16, 4.76837158203125e-07], [0.0009016376570798457, -1.2246463416226835e-16, 0.9999995827674866, 149.32517317319005], [0.0, 0.0, 0.0, 1.0]], [[-0.9999995827674866, -1.104187718915098e-19, 0.0009016376570798457, 113.40093771723201], [0.0, -1.0, -1.2246468525851679e-16, 4.76837158203125e-07], [0.0009016376570798457, -1.2246463416226835e-16, 0.9999995827674866, 154.52963835485204], [0.0, 0.0, 0.0, 1.0]], [[-0.9999995827674866, -1.104187718915098e-19, 0.0009016376570798457, 114.35022773232056], [0.0, -1.0, -1.2246468525851679e-16, 4.76837158203125e-07], [0.0009016376570798457, -1.2246463416226835e-16, 0.9999995827674866, 159.73410353651403], [0.0, 0.0, 0.0, 1.0]], [[-0.9999995827674866, -1.104187718915098e-19, 0.0009016376570798457, 115.29951774740911], [0.0, -1.0, -1.2246468525851679e-16, 4.76837158203125e-07], [0.0009016376570798457, -1.2246463416226835e-16, 0.9999995827674866, 164.93856871817601], [0.0, 0.0, 0.0, 1.0]], [[-0.9999995827674866, -1.104187718915098e-19, 0.0009016376570798457, 116.24880776249766], [0.0, -1.0, -1.2246468525851679e-16, 4.76837158203125e-07], [0.0009016376570798457, -1.2246463416226835e-16, 0.9999995827674866, 170.143033899838], [0.0, 0.0, 0.0, 1.0]], [[-0.9999995827674866, -1.104187718915098e-19, 0.0009016376570798457, 117.19809777758621], [0.0, -1.0, -1.2246468525851679e-16, 4.76837158203125e-07], [0.0009016376570798457, -1.2246463416226835e-16, 0.9999995827674866, 175.3474990815], [0.0, 0.0, 0.0, 1.0]], [[-0.9999995827674866, -1.104187718915098e-19, 0.0009016376570798457, 118.14738779267476], [0.0, -1.0, -1.2246468525851679e-16, 4.76837158203125e-07], [0.0009016376570798457, -1.2246463416226835e-16, 0.9999995827674866, 180.55196426316198], [0.0, 0.0, 0.0, 1.0]], [[-0.9999995827674866, -1.104187718915098e-19, 0.0009016376570798457, 119.09667780776327], [0.0, -1.0, -1.2246468525851679e-16, 4.76837158203125e-07], [0.0009016376570798457, -1.2246463416226835e-16, 0.9999995827674866, 185.75642944482388], [0.0, 0.0, 0.0, 1.0]]]], ["closeGripper", 0], ["pivot", [[[-0.9999995827674866, -1.104187718915098e-19, 0.0009016376570798457, 119.09667780776327], [0.0, -1.0, -1.2246468525851679e-16, 4.76837158203125e-07], [0.0009016376570798457, -1.2246463416226835e-16, 0.9999995827674866, 185.75642944482388], [0.0, 0.0, 0.0, 1.0]], [[-0.9998149798755436, 2.3556059196110734e-18, -0.01923498120816224, 115.31119800261766], [0.0, -1.0, -1.2246468525851679e-16, 4.76837158203125e-07], [-0.019234981208162243, -1.2244202682720874e-16, 0.9998149798755436, 190.18840391453392], [0.0, 0.0, 0.0, 1.0]], [[-0.9992249345062237, 4.820675371675367e-18, -0.03936379995179152, 111.43724152891582], [0.0, -0.9999999999999999, -1.2246468525851676e-16, 4.7683715820312495e-07], [-0.03936379995179152, -1.2236976710676674e-16, 0.9992249345062237, 194.5432536588064], [0.0, 0.0, 0.0, 1.0]], [[-0.9982296859332542, 7.283789955484373e-18, -0.05947665598542681, 107.47637934382642], [0.0, -1.0, -1.2246468525851679e-16, 4.76837158203125e-07], [-0.059476655985426806, -1.2224788430352403e-16, 0.9982296859332541, 198.81921270983298], [0.0, 0.0, 0.0, 1.0]], [[-0.9968296377473538, 9.743950834954388e-18, -0.07956539319384522, 103.43021764630541], [0.0, -0.9999999999999999, -1.2246468525851676e-16, 4.7683715820312495e-07], [-0.07956539319384522, -1.2207642784309097e-16, 0.9968296377473538, 203.01454709136215], [0.0, 0.0, 0.0, 1.0]], [[-0.995025357692572, 1.2200160371780535e-17, -0.09962186524242977, 99.30039722575445], [0.0, -0.9999999999999999, -1.2246468525851676e-16, 4.7683715820312495e-07], [-0.09962186524242977, -1.218554672540639e-16, 0.995025357692572, 207.1275555218577], [0.0, 0.0, 0.0, 1.0]], [[-0.9928175774360573, 1.465142252999655e-17, -0.11963793888065066, 95.08859279665177], [0.0, -1.0, -1.2246468525851679e-16, 4.76837158203125e-07], [-0.11963793888065065, -1.2158509213982987e-16, 0.9928175774360571, 211.15657010439742], [0.0, 0.0, 0.0, 1.0]], [[-0.9902071922713533, 1.7096743279884803e-17, -0.13960549724024063, 90.79651231942643], [0.0, -1.0, -1.2246468525851679e-16, 4.76837158203125e-07], [-0.13960549724024063, -1.212654121422309e-16, 0.9902071922713533, 215.09995700303523], [0.0, 0.0, 0.0, 1.0]], [[-0.9871952607553429, 1.953513100107275e-17, -0.1595164431267273, 86.42589630785025], [0.0, -1.0, -1.2246468525851679e-16, 4.76837158203125e-07], [-0.15951644312672728, -1.2089655689710248e-16, 0.9871952607553429, 218.95611710534985], [0.0, 0.0, 0.0, 1.0]], [[-0.9837830042789832, 2.1965596884652357e-17, -0.1793627023029871, 81.97851712322921], [0.0, -1.0, -1.2246468525851679e-16, 4.76837158203125e-07], [-0.1793627023029871, -1.2047867598170375e-16, 0.9837830042789832, 222.72348667091404], [0.0, 0.0, 0.0, 1.0]], [[-0.9799718065720114, 2.4387155334159444e-17, -0.1991362267634901, 77.45617825567962], [0.0, -1.0, -1.2246468525851679e-16, 4.76837158203125e-07], [-0.1991362267634901, -1.2001193885406147e-16, 0.9799718065720114, 226.40053796542355], [0.0, 0.0, 0.0, 1.0]], [[-0.9757632131418174, 2.6798824365250244e-17, -0.2188289979979067, 72.86071359278161], [0.0, -1.0, -1.2246468525851679e-16, 4.76837158203125e-07], [-0.2188289979979067, -1.194965347842517e-16, 0.9757632131418175, 229.98577988024616], [0.0, 0.0, 0.0, 1.0]], [[-0.9711589306467144, 2.9199626003913317e-17, -0.23843303024275428, 68.19398667590558], [0.0, -1.0, -1.2246468525851679e-16, 4.76837158203125e-07], [-0.2384330302427543, -1.189326727776476e-16, 0.9711589306467144, 233.4777585372236], [0.0, 0.0, 0.0, 1.0]], [[-0.9661608262038573, 3.158858668305508e-17, -0.2579403737197639, 63.45788994451317], [0.0, -1.0, -1.2246468525851679e-16, 4.76837158203125e-07], [-0.25794037371976397, -1.1832058149016393e-16, 0.9661608262038575, 236.87505787886187], [0.0, 0.0, 0.0, 1.0]], [[-0.9607709266320965, 3.3964737637298355e-17, -0.2773431178596548, 58.654343968740434], [0.0, -0.9999999999999999, -1.2246468525851676e-16, 4.7683715820312495e-07], [-0.2773431178596549, -1.1766050913553322e-16, 0.9607709266320965, 240.1763002453004], [0.0, 0.0, 0.0, 1.0]], [[-0.9549914176300653, 3.632711529583361e-17, -0.2966333945100083, 53.785296670572855], [0.0, -1.0, -1.2246468525851679e-16, 4.76837158203125e-07], [-0.2966333945100083, -1.1695272338465072e-16, 0.9549914176300653, 243.38014694433295], [0.0, 0.0, 0.0, 1.0]], [[-0.9488246428898414, 3.8674761673163905e-17, -0.315803381125942, 48.85272253392852], [0.0, -1.0, -1.2246468525851679e-16, 4.76837158203125e-07], [-0.3158033811259419, -1.1619751125702902e-16, 0.9488246428898414, 246.4852988385333], [0.0, 0.0, 0.0, 1.0]], [[-0.9422731031465393, 4.100672475758466e-17, -0.3348453039422878, 43.858621803971005], [0.0, -0.9999999999999999, -1.2246468525851676e-16, 4.7683715820312495e-07], [-0.3348453039422878, -1.1539517900440687e-16, 0.9422731031465393, 249.49049703379137], [0.0, 0.0, 0.0, 1.0]], [[-0.9353394551642183, 4.332205889724118e-17, -0.35375144112599066, 38.8050196759744], [0.0, -1.0, -1.2246468525851679e-16, 4.76837158203125e-07], [-0.35375144112599066, -1.1454605198655857e-16, 0.9353394551642182, 252.39452394304496], [0.0, 0.0, 0.0, 1.0]], [[-0.9280265106585173, 4.5619825183606935e-17, -0.37251412590744654, 33.69396547407127], [0.0, -1.0, -1.2246468525851679e-16, 4.76837158203125e-07], [-0.37251412590744654, -1.136504745393549e-16, 0.9280265106585173, 255.19620555014308], [0.0, 0.0, 0.0, 1.0]], [[-0.9203372351564556, 4.789909183222746e-17, -0.39112574968951164, 28.52753182021607], [0.0, -0.9999999999999999, -1.2246468525851676e-16, 4.7683715820312495e-07], [-0.39112574968951164, -1.127088098351289e-16, 0.9203372351564556, 257.8944171753889], [0.0, 0.0, 0.0, 1.0]], [[-0.9122747467938604, 5.0158934560575305e-17, -0.40957876513292235, 23.307813793700483], [0.0, -1.0, -1.2246468525851679e-16, 4.76837158203125e-07], [-0.40957876513292235, -1.1172143973540321e-16, 0.9122747467938604, 260.4880986672899], [0.0, 0.0, 0.0, 1.0]], [[-0.9038423150509067, 5.2398436962862665e-17, -0.4278656892168726, 18.03692808156208], [0.0, -1.0, -1.2246468525851679e-16, 4.76837158203125e-07], [-0.4278656892168727, -1.1068876463603847e-16, 0.9038423150509067, 262.97629301937246], [0.0, 0.0, 0.0, 1.0]], [[-0.8950433594262863, 5.461669088166008e-17, -0.44597910627351056, 12.717012120230635], [0.0, -0.9999999999999999, -1.2246468525851676e-16, 4.7683715820312495e-07], [-0.44597910627351056, -1.0961120330486569e-16, 0.8950433594262864, 265.358238550902], [0.0, 0.0, 0.0, 1.0]], [[-0.8858814480505425, 5.681279677617011e-17, -0.4639116709951212, 7.350223228760456], [0.0, -1.0, -1.2246468525851679e-16, 4.76837158203125e-07], [-0.4639116709951212, -1.0848919271186878e-16, 0.8858814480505426, 267.6335731133912], [0.0, 0.0, 0.0, 1.0]], [[-0.8763602962391291, 5.898586408700688e-17, -0.48165611141277737, 1.938737733999588], [0.0, -1.0000000000000002, -1.224646852585168e-16, 4.768371582031251e-07], [-0.4816561114127774, -1.0732318785198549e-16, 0.8763602962391291, 269.80275060341893], [0.0, 0.0, 0.0, 1.0]], [[-0.866483764985785, 6.113501159733355e-17, -0.4992052318452509, -3.5152499119490557], [0.0, -1.0, -1.2246468525851679e-16, 4.76837158203125e-07], [-0.4992052318452509, -1.0611366156059879e-16, 0.866483764985785, 271.8678165673244], [0.0, 0.0, 0.0, 1.0]], [[-0.8562558593968352, 6.325936779021109e-17, -0.5165519158169863, -9.009528021615878], [0.0, -1.0, -1.2246468525851679e-16, 4.76837158203125e-07], [-0.5165519158169865, -1.0486110432179423e-16, 0.8562558593968352, 273.8337111165155], [0.0, 0.0, 0.0, 1.0]], [[-0.8456807270670484, 6.535807120201374e-17, -0.5336891289439576, -14.541868569043146], [0.0, -0.9999999999999999, -1.2246468525851676e-16, 4.7683715820312495e-07], [-0.5336891289439576, -1.0356602406945971e-16, 0.8456807270670483, 275.71020463016873], [0.0, 0.0, 0.0, 1.0]], [[-0.8347626563977154, 6.743027077176754e-17, -0.5506099217862328, -20.110028093288207], [0.0, -1.0, -1.2246468525851679e-16, 4.76837158203125e-07], [-0.5506099217862328, -1.0222894598130963e-16, 0.8347626563977155, 277.5143442412908], [0.0, 0.0, 0.0, 1.0]], [[-0.8235060748576276, 6.947512618627043e-17, -0.5673074326660942, -25.71174860818614], [0.0, -1.0, -1.2246468525851679e-16, 4.76837158203125e-07], [-0.5673074326660943, -1.0085041226591594e-16, 0.8235060748576277, 279.2728368354344], [0.0, 0.0, 0.0, 1.0]], [[-0.8119155471876603, 7.149180822085406e-17, -0.5837748904505691, -31.344758518002948], [0.0, -1.0, -1.2246468525851679e-16, 4.76837158203125e-07], [-0.5837748904505691, -9.943098194283327e-17, 0.8119155471876605, 281.0231597791767], [0.0, 0.0, 0.0, 1.0]], [[-0.7999957735496908, 7.347949907564879e-17, -0.6000056172972418, -37.00677353860718], [0.0, -1.0, -1.2246468525851679e-16, 4.76837158203125e-07], [-0.6000056172972417, -9.797123061590653e-17, 0.7999957735496906, 282.8116107310277], [0.0, 0.0, 0.0, 1.0]], [[-0.7877515876205996, 7.54373927072159e-17, -0.615993031362236, -42.69549762378712], [0.0, -1.0, -1.2246468525851679e-16, 4.76837158203125e-07], [-0.615993031362236, -9.647175023985364e-17, 0.7877515876205996, 284.6864352512266], [0.0, 0.0, 0.0, 1.0]], [[-0.7751879546321313, 7.736469515541243e-17, -0.631730649469269, -48.40862389633801], [0.0, -0.9999999999999999, -1.2246468525851676e-16, 4.7683715820312495e-07], [-0.631730649469269, -9.493314888021735e-17, 0.7751879546321313, 286.6851249522833], [0.0, 0.0, 0.0, 1.0]], [[-0.7623099693574055, 7.926062486535572e-17, -0.647212089738691, -54.14383558354061], [0.0, -1.0, -1.2246468525851679e-16, 4.76837158203125e-07], [-0.647212089738691, -9.335605046678423e-17, 0.7623099693574055, 288.81719557749216], [0.0, 0.0, 0.0, 1.0]], [[-0.7491228540448963, 8.112441300435772e-17, -0.6624310741754504, -59.89880695665361], [0.0, -1.0, -1.2246468525851679e-16, 4.76837158203125e-07], [-0.6624310741754504, -9.174109454057003e-17, 0.7491228540448963, 291.0467731132526], [0.0, 0.0, 0.0, 1.0]], [[-0.7356319563007203, 8.295530377370004e-17, -0.67738143121493, -65.67120427403704], [0.0, -1.0, -1.2246468525851679e-16, 4.76837158203125e-07], [-0.6773814312149301, -9.008893599447468e-17, 0.7356319563007203, 293.2818212626475], [0.0, 0.0, 0.0, 1.0]], [[-0.7218427469200882, 8.475255471512371e-17, -0.6920570982256259, -71.45868672752566], [0.0, -1.0000000000000002, -1.224646852585168e-16, 4.768371582031251e-07], [-0.6920570982256259, -8.840024480771179e-17, 0.7218427469200882, 295.3770791966978], [0.0, 0.0, 0.0, 1.0]], [[-0.7077608176688013, 8.651543701190874e-17, -0.7064521239676483, -77.25890739166721], [0.0, -0.9999999999999999, -1.2246468525851676e-16, 4.7683715820312495e-07], [-0.7064521239676483, -8.667570577412023e-17, 0.7077608176688013, 297.1545443644338], [0.0, 0.0, 0.0, 1.0]], [[-0.6933918790156934, 8.824323578442231e-17, -0.720560671006056, -83.06951417544215], [0.0, -0.9999999999999999, -1.2246468525851676e-16, 4.7683715820312495e-07], [-0.720560671006056, -8.491601822446844e-17, 0.6933918790156934, 298.43906655048835], [0.0, 0.0, 0.0, 1.0]], [[-0.678741757816935, 8.993525038001485e-17, -0.7343770180780367, -88.88815077607755], [0.0, -1.0, -1.2246468525851679e-16, 4.76837158203125e-07], [-0.7343770180780367, -8.312189574286337e-17, 0.678741757816935, 299.099730983217], [0.0, 0.0, 0.0, 1.0]], [[-0.663816394953141, 9.159079465714695e-17, -0.7478955624129797, -94.7124576345692], [0.0, -1.0, -1.2246468525851679e-16, 4.76837158203125e-07], [-0.7478955624129796, -8.129406587737968e-17, 0.663816394953141, 299.083656012985], [0.0, 0.0, 0.0, 1.0]], [[-0.6486218429202407, 9.320919726363183e-17, -0.761110822004498, -100.54007289252398], [0.0, -1.0, -1.2246468525851679e-16, 4.76837158203125e-07], [-0.761110822004498, -7.94332698450264e-17, 0.6486218429202407, 298.4301956145887], [0.0, 0.0, 0.0, 1.0]], [[-0.6331642633750828, 9.478980190888034e-17, -0.774017437833477, -106.36863334993507], [0.0, -0.9999999999999999, -1.2246468525851676e-16, 4.7683715820312495e-07], [-0.774017437833477, -7.754026223117014e-17, 0.6331642633750828, 297.2602895366781], [0.0, 0.0, 0.0, 1.0]], [[-0.6174499246367781, 9.63319676300384e-17, -0.7866101760412519, -112.19577542350062], [0.0, -1.0, -1.2246468525851679e-16, 4.76837158203125e-07], [-0.7866101760412518, -7.561581068353792e-17, 0.617449924636778, 295.7449137107675], [0.0, 0.0, 0.0, 1.0]], [[-0.6014851991447842, 9.783506905190839e-17, -0.7988839300520267, -118.01913610509806], [0.0, -1.0, -1.2246468525851679e-16, 4.76837158203125e-07], [-0.7988839300520267, -7.366069560092227e-17, 0.601485199144784, 294.0639410344765], [0.0, 0.0, 0.0, 1.0]], [[-0.5852765608747709, 9.92984966405501e-17, -0.8108337226436827, -123.83635392002579], [0.0, -1.0, -1.2246468525851679e-16, 4.76837158203125e-07], [-0.8108337226436828, -7.167570981671594e-17, 0.5852765608747708, 292.3689604535673], [0.0, 0.0, 0.0, 1.0]], [[-0.5688305827133096, 1.0072165695045717e-16, -0.8224547079661277, -129.64506988462207], [0.0, -1.0, -1.2246468525851679e-16, 4.76837158203125e-07], [-0.8224547079661277, -6.966165827740417e-17, 0.5688305827133097, 290.7602353466664], [0.0, 0.0, 0.0, 1.0]], [[-0.552153933792453, 1.0210397286520967e-16, -0.8337421735063731, -135.44292846287414], [0.0, -1.0, -1.2246468525851679e-16, 4.76837158203125e-07], [-0.8337421735063733, -6.761935771614467e-17, 0.5521539337924529, 289.28129241003404], [0.0, 0.0, 0.0, 1.0]], [[-0.5352533767852843, 1.03444883831505e-16, -0.844691541999541, -141.22757852162965], [0.0, -1.0, -1.2246468525851679e-16, 4.76837158203125e-07], [-0.844691541999541, -6.554963632156814e-17, 0.5352533767852843, 287.9280782537574], [0.0, 0.0, 0.0, 1.0]], [[-0.5181357651635357, 1.0474384608647194e-16, -0.8552983732850247, -146.99667428402216], [0.0, -1.0, -1.2246468525851679e-16, 4.76837158203125e-07], [-0.8552983732850247, -6.345333340193316e-17, 0.5181357651635357, 286.6658620300916], [0.0, 0.0, 0.0, 1.0]], [[-0.5008080404183853, 1.0600033287817611e-16, -0.8655583661070515, -152.7478762807246], [0.0, -1.0, -1.2246468525851679e-16, 4.76837158203125e-07], [-0.8655583661070515, -6.13312990447721e-17, 0.5008080404183852, 285.4468323319933], [0.0, 0.0, 0.0, 1.0]], [[-0.4832772292455617, 1.0721383467922709e-16, -0.8754673598589183, -158.47885229864508], [0.0, -1.0, -1.2246468525851679e-16, 4.76837158203125e-07], [-0.8754673598589183, -5.918439377216578e-17, 0.48327722924556166, 284.2236170209949], [0.0, 0.0, 0.0, 1.0]], [[-0.465550440695894, 1.0838385939340064e-16, -0.885021336270189, -164.18727832668048], [0.0, -1.0, -1.2246468525851679e-16, 4.76837158203125e-07], [-0.885021336270189, -5.701348819178643e-17, 0.46555044069589396, 282.9569988034247], [0.0, 0.0, 0.0, 1.0]], [[-0.44763486329246965, 1.0950993255519237e-16, -0.8942164210361739, -169.87083949814297], [0.0, -1.0, -1.2246468525851679e-16, 4.76837158203125e-07], [-0.8942164210361739, -5.4819462643851486e-17, 0.44763486329246965, 281.6184844002573], [0.0, 0.0, 0.0, 1.0]], [[-0.4295377621155609, 1.1059159752222184e-16, -0.903048885389029, -175.52723102947957], [0.0, -1.0, -1.2246468525851679e-16, 4.76837158203125e-07], [-0.903048885389029, -5.260320684412981e-17, 0.42953776211556083, 280.1895232692039], [0.0, 0.0, 0.0, 1.0]], [[-0.4112664758565072, 1.1162841566040902e-16, -0.9115151476098359, -181.15415915490206], [0.0, -1.0, -1.2246468525851679e-16, 4.76837158203125e-07], [-0.9115151476098359, -5.036561952314655e-17, 0.4112664758565072, 278.65922018137417], [0.0, 0.0, 0.0, 1.0]], [[-0.39282841384174944, 1.1261996652184803e-16, -0.9196117744810509, -186.7493420565489], [0.0, -1.0, -1.2246468525851679e-16, 4.76837158203125e-07], [-0.9196117744810509, -4.810760806173223e-17, 0.3928284138417495, 277.02184820773675], [0.0, 0.0, 0.0, 1.0]], [[-0.37423105302821613, 1.1356584801530618e-16, -0.9273354826787362, -192.31051078980275], [0.0, -1.0000000000000002, -1.224646852585168e-16, 4.768371582031251e-07], [-0.9273354826787362, -4.58300881230638e-17, 0.3742310530282162, 275.2748217647736], [0.0, 0.0, 0.0, 1.0]], [[-0.3554819349712876, 1.14465676569279e-16, -0.934683140104004, -197.83541020338683], [0.0, -1.0, -1.2246468525851679e-16, 4.76837158203125e-07], [-0.9346831401040041, -4.353398328134727e-17, 0.3554819349712876, 273.41730375723785], [0.0, 0.0, 0.0, 1.0]], [[-0.3365886627665633, 1.1531908728753526e-16, -0.9416517671531387, -203.32179985386864], [0.0, -1.0, -1.2246468525851679e-16, 4.76837158203125e-07], [-0.9416517671531387, -4.122022464729222e-17, 0.3365886627665633, 271.449362577717], [0.0, 0.0, 0.0, 1.0]], [[-0.31755889796667297, 1.1612573409708862e-16, -0.9482385379258766, -208.76745491419854], [0.0, -1.0, -1.2246468525851679e-16, 4.76837158203125e-07], [-0.9482385379258766, -3.888975049053005e-17, 0.31755889796667297, 269.37151290479085], [0.0, 0.0, 0.0, 1.0]], [[-0.29840035747438354, 1.1688528988853642e-16, -0.9544407813713599, -214.17016707591648], [0.0, -1.0, -1.2246468525851679e-16, 4.76837158203125e-07], [-0.9544407813713599, -3.654350585912927e-17, 0.2984003574743835, 267.18448769440613], [0.0, 0.0, 0.0, 1.0]], [[-0.27912081041325915, 1.1759744664870827e-16, -0.9602559823712932, -219.52774544465947], [0.0, -1.0, -1.2246468525851679e-16, 4.76837158203125e-07], [-0.9602559823712933, -3.4182442196361915e-17, 0.27912081041325915, 264.88913408588667], [0.0, 0.0, 0.0, 1.0]], [[-0.2597280749771462, 1.1826191558557068e-16, -0.9656817827598686, -224.83801742860783], [0.0, -1.0, -1.2246468525851679e-16, 4.76837158203125e-07], [-0.9656817827598686, -3.1807516954876656e-17, 0.2597280749771462, 262.4863693828987], [0.0, 0.0, 0.0, 1.0]], [[-0.24023001525975857, 1.1887842724533737e-16, -0.9707159822800426, -230.09882961950888], [0.0, -1.0, -1.2246468525851679e-16, 4.76837158203125e-07], [-0.9707159822800427, -2.941969320843502e-17, 0.24023001525975857, 259.9771636430904], [0.0, 0.0, 0.0, 1.0]], [[-0.22063453806564998, 1.194467316217375e-16, -0.9753565394757802, -235.3080486659221], [0.0, -1.0, -1.2246468525851679e-16, 4.76837158203125e-07], [-0.9753565394757802, -2.7019939261368067e-17, 0.22063453806564998, 257.36253310396296], [0.0, 0.0, 0.0, 1.0]], [[-0.20094958970386667, 1.1996659825739756e-16, -0.9796015725198992, -240.46356213833], [0.0, -1.0, -1.2246468525851679e-16, 4.76837158203125e-07], [-0.9796015725198993, -2.460922825591212e-17, 0.20094958970386667, 254.64353768111562], [0.0, 0.0, 0.0, 1.0]], [[-0.18118315276557934, 1.2043781633729586e-16, -0.983449359977186, -245.56327938576578], [0.0, -1.0, -1.2246468525851679e-16, 4.76837158203125e-07], [-0.983449359977186, -2.218853777758244e-17, 0.18118315276557936, 251.8212798787735], [0.0, 0.0, 0.0, 1.0]], [[-0.16134324288700344, 1.2086019477425167e-16, -0.9868983415024657, -250.60513238360846], [0.0, -1.0, -1.2246468525851679e-16, 4.76837158203125e-07], [-0.9868983415024657, -1.9758849458745308e-17, 0.16134324288700347, 248.8969041479808], [0.0, 0.0, 0.0, 1.0]], [[-0.14143790549891744, 1.2123356228641458e-16, -0.9899471184733513, -255.58707657220342], [0.0, -1.0, -1.2246468525851679e-16, 4.76837158203125e-07], [-0.9899471184733513, -1.7321148580548764e-17, 0.14143790549891744, 245.8715963686916], [0.0, 0.0, 0.0, 1.0]], [[-0.12147521256410067, 1.215577674667221e-16, -0.992594454557408, -260.50709168596677], [0.0, -1.0, -1.2246468525851679e-16, 4.76837158203125e-07], [-0.9925944545574081, -1.4876423673374012e-17, 0.12147521256410067, 242.7465833549373], [0.0, 0.0, 0.0, 1.0]], [[-0.10146325930401047, 1.2183267884429808e-16, -0.9948392762135094, -265.36318257263895], [0.0, -1.0, -1.2246468525851679e-16, 4.76837158203125e-07], [-0.9948392762135094, -1.2425666115968918e-17, 0.10146325930401047, 239.5231323539457], [0.0, 0.0, 0.0, 1.0]], [[-0.08141016091602862, 1.2205818493776608e-16, -0.9966806731271747, -270.1533800023532], [0.0, -1.0, -1.2246468525851679e-16, 4.76837158203125e-07], [-0.9966806731271747, -9.96986973342665e-18, 0.08141016091602862, 236.2025505314782], [0.0, 0.0, 0.0, 1.0]], [[-0.061324049282606354, 1.2223419430045762e-16, -0.9981178985797202, -274.8757414661933], [0.0, -1.0, -1.2246468525851679e-16, 4.76837158203125e-07], [-0.9981178985797202, -7.510030394172158e-18, 0.06132404928260635, 232.78618444158568], [0.0, 0.0, 0.0, 1.0]], [[-0.04121306967364446, 1.2236063555749467e-16, -0.9991503697510635, -279.5283519639146], [0.0, -1.0, -1.2246468525851679e-16, 4.76837158203125e-07], [-0.9991503697510635, -5.047145606120191e-18, 0.04121306967364446, 229.27541948052365], [0.0, 0.0, 0.0, 1.0]], [[-0.021085377443442584, 1.2243745743473415e-16, -0.999777667956071, -284.1093247805105], [0.0, -1.0, -1.2246468525851679e-16, 4.76837158203125e-07], [-0.999777667956071, -2.5822141121682254e-18, 0.021085377443442584, 225.67167932494417], [0.0, 0.0, 0.0, 1.0]], [[-0.000949119043070823, 1.2246462686280429e-16, -0.9999995231628418, -288.6168028187439], [0.0, -1.0, -1.2246468525851679e-16, 4.76837158203125e-07], [-0.9999995231628418, -1.1623356488253297e-19, 0.000949119043070823, 221.9764189671771], [0.0, 0.0, 0.0, 1.0]]]], ["setGripper", 27.0000009537], ["fingerGait", [[[-0.0009491190430708231, 1.2246462686280426e-16, -0.9999995231628417, -288.61680281874385], [0.0, -1.0, -1.2246468525851679e-16, 4.76837158203125e-07], [-0.9999995231628418, -1.1623356488253295e-19, 0.000949119043070823, 221.9764189671771], [0.0, 0.0, 0.0, 1.0]], [[-0.0009491190430708231, 1.2246462686280426e-16, -0.9999995231628417, -283.41238279812245], [0.0, -1.0, -1.2246468525851679e-16, 4.76837158203125e-07], [-0.9999995231628418, -1.1623356488253295e-19, 0.000949119043070823, 221.0268818526285], [0.0, 0.0, 0.0, 1.0]], [[-0.0009491190430708231, 1.2246462686280426e-16, -0.9999995231628417, -278.20796277750105], [0.0, -1.0, -1.2246468525851679e-16, 4.76837158203125e-07], [-0.9999995231628418, -1.1623356488253295e-19, 0.000949119043070823, 220.0773447380799], [0.0, 0.0, 0.0, 1.0]], [[-0.0009491190430708231, 1.2246462686280426e-16, -0.9999995231628417, -273.00354275687965], [0.0, -1.0, -1.2246468525851679e-16, 4.76837158203125e-07], [-0.9999995231628418, -1.1623356488253295e-19, 0.000949119043070823, 219.12780762353128], [0.0, 0.0, 0.0, 1.0]], [[-0.0009491190430708231, 1.2246462686280426e-16, -0.9999995231628417, -267.79912273625825], [0.0, -1.0, -1.2246468525851679e-16, 4.76837158203125e-07], [-0.9999995231628418, -1.1623356488253295e-19, 0.000949119043070823, 218.17827050898268], [0.0, 0.0, 0.0, 1.0]], [[-0.0009491190430708231, 1.2246462686280426e-16, -0.9999995231628417, -262.59470271563686], [0.0, -1.0, -1.2246468525851679e-16, 4.76837158203125e-07], [-0.9999995231628418, -1.1623356488253295e-19, 0.000949119043070823, 217.22873339443407], [0.0, 0.0, 0.0, 1.0]], [[-0.0009491190430708231, 1.2246462686280426e-16, -0.9999995231628417, -257.39028269501546], [0.0, -1.0, -1.2246468525851679e-16, 4.76837158203125e-07], [-0.9999995231628418, -1.1623356488253295e-19, 0.000949119043070823, 216.27919627988547], [0.0, 0.0, 0.0, 1.0]], [[-0.0009491190430708231, 1.2246462686280426e-16, -0.9999995231628417, -252.18586267439406], [0.0, -1.0, -1.2246468525851679e-16, 4.76837158203125e-07], [-0.9999995231628418, -1.1623356488253295e-19, 0.000949119043070823, 215.32965916533686], [0.0, 0.0, 0.0, 1.0]], [[-0.0009491190430708231, 1.2246462686280426e-16, -0.9999995231628417, -246.98144265377266], [0.0, -1.0, -1.2246468525851679e-16, 4.76837158203125e-07], [-0.9999995231628418, -1.1623356488253295e-19, 0.000949119043070823, 214.38012205078826], [0.0, 0.0, 0.0, 1.0]], [[-0.0009491190430708231, 1.2246462686280426e-16, -0.9999995231628417, -241.77702263315126], [0.0, -1.0, -1.2246468525851679e-16, 4.76837158203125e-07], [-0.9999995231628418, -1.1623356488253295e-19, 0.000949119043070823, 213.43058493623965], [0.0, 0.0, 0.0, 1.0]], [[-0.0009491190430708231, 1.2246462686280426e-16, -0.9999995231628417, -236.57260261252986], [0.0, -1.0, -1.2246468525851679e-16, 4.76837158203125e-07], [-0.9999995231628418, -1.1623356488253295e-19, 0.000949119043070823, 212.48104782169105], [0.0, 0.0, 0.0, 1.0]], [[-0.0009491190430708231, 1.2246462686280426e-16, -0.9999995231628417, -231.36818259190846], [0.0, -1.0, -1.2246468525851679e-16, 4.76837158203125e-07], [-0.9999995231628418, -1.1623356488253295e-19, 0.000949119043070823, 211.53151070714244], [0.0, 0.0, 0.0, 1.0]], [[-0.0009491190430708231, 1.2246462686280426e-16, -0.9999995231628417, -226.16376257128707], [0.0, -1.0, -1.2246468525851679e-16, 4.76837158203125e-07], [-0.9999995231628418, -1.1623356488253295e-19, 0.000949119043070823, 210.58197359259384], [0.0, 0.0, 0.0, 1.0]], [[-0.0009491190430708231, 1.2246462686280426e-16, -0.9999995231628417, -220.95934255066578], [0.0, -1.0, -1.2246468525851679e-16, 4.76837158203125e-07], [-0.9999995231628418, -1.1623356488253295e-19, 0.000949119043070823, 209.63243647804512], [0.0, 0.0, 0.0, 1.0]]]], ["closeGripper", 0], ["pivot", [[[-0.0009491190430708232, 1.2246462686280424e-16, -0.9999995231628417, -220.95934255066578], [0.0, -1.0, -1.2246468525851679e-16, 4.76837158203125e-07], [-0.9999995231628418, -1.1623356488253292e-19, 0.000949119043070823, 209.63243647804512], [0.0, 0.0, 0.0, 1.0]], [[0.021534760800483572, -1.1056753219766483e-10, -0.9997680737201678, -225.70746061640642], [1.0863764484859419e-09, -1.0, 1.3399346576112427e-10, 2.3052774861437827e-07], [-0.999768073720168, -1.089010006471741e-09, -0.021534760800483572, 212.67603137573923], [0.0, 0.0, 0.0, 1.0]], [[0.04400775313308617, -1.9662231602464446e-10, -0.9990311630860399, -230.52280953342682], [2.1694656076869532e-09, -1.0, 2.9237889038031577e-10, -1.8446649421473566e-08], [-0.9990311630860401, -2.1802306873518433e-09, -0.04400775313308617, 215.6121018576644], [0.0, 0.0, 0.0, 1.0]], [[0.06645849609414295, -2.581207215722291e-10, -0.9977891638265939, -235.402954765093], [3.2487198910664666e-09, -1.0, 4.750760751356641e-10, -2.6996015981458477e-07], [-0.997789163826594, -3.2731103450978582e-09, -0.06645849609414296, 218.4391635098623], [0.0, 0.0, 0.0, 1.0]], [[0.08887563907186265, -2.95031656571964e-10, -0.9960427038698876, -240.34542901515093], [4.32359365091848e-09, -1.0, 6.819926522679767e-10, -5.238856227546207e-07], [-0.9960427038698877, -4.367096443308152e-09, -0.08887563907186266, 221.1557870308892], [0.0, 0.0, 0.0, 1.0]], [[0.11124784844188142, 7.017653821888102e-15, -0.9937926661884366, -245.347733475138], [1.0855469176481175e-08, -1.0, 1.2151836128857727e-09, -1.9673600782629675e-06], [-0.9937926661884364, 4.461742157712895e-16, -0.1112478484418814, 223.76059895444047], [0.0, 0.0, 0.0, 1.0]]]]]