[["init", [[[-0.00013928781235614295, 0.72894319059591, 0.6845742497434516, 112.1571972824218], [0.0001483106592790945, 0.6845743092612168, -0.7289430805101784, -119.87079617968467], [-0.9999999898056764, -2.741535269595757e-08, -0.00020346499785014842, 55.89152903069173], [0.0, 0.0, 0.0, 1.0]]]], ["setGripper", 37.5075856043], ["fingerGait", [[[-0.00013928781235610275, 0.72894319059591, 0.6845742497434516, 112.1571972824218], [0.0001483106592790516, 0.6845743092612168, -0.7289430805101785, -119.87079617968467], [-0.9999999898056764, -2.7415352751468547e-08, -0.00020346499785011492, 55.89152903069174], [0.0, 0.0, 0.0, 1.0]], [[-0.02701543846282714, 0.7289431906143166, 0.6840409994077334, 112.99058309804667], [0.02876636610208192, 0.6845743092416171, -0.7283752692313462, -120.76115453429358], [-0.9992210381158984, -2.7632608996862475e-08, -0.0394631219741268, 55.58836911708745], [0.0, 0.0, 0.0, 1.0]], [[-0.053849933267637165, 0.7289431906268701, 0.6824530075066262, 113.82396891367154], [0.05734006589765406, 0.6845743092282501, -0.7266843561737856, -121.65151288890249], [-0.9969013601295572, -2.785075335306653e-08, -0.07866192968137223, 55.28520920348316], [0.0, 0.0, 0.0, 1.0]], [[-0.08060139538400202, 0.7289431906335508, 0.6798127226083519, 114.6573547292964], [0.08582535147538316, 0.6845743092211363, -0.7238729486026698, -122.5418712435114], [-0.9930445326216977, -2.8069449457320896e-08, -0.11773944640396525, 54.98204928987887], [0.0, 0.0, 0.0, 1.0]], [[-0.10722857599951487, 0.7289431906343489, 0.6761242158405371, 115.49074054492127], [0.11417830059296187, 0.6845743092202866, -0.7199453815043633, -123.4322295981203], [-0.9876565025403282, -2.8288360096110318e-08, -0.15663541744817724, 54.67888937627458], [0.0, 0.0, 0.0, 1.0]], [[-0.13369041793482028, 0.7289431906292627, 0.6713931746128292, 116.32412636054613], [0.1423551950612967, 0.6845743092257024, -0.7149077109021871, -124.32258795272921], [-0.9807455778366593, -2.850714772512286e-08, -0.19528986805053528, 54.37572946267029], [0.0, 0.0, 0.0, 1.0]], [[-0.15994611895080396, 0.7289431906183003, 0.6656268938473243, 117.157512176171], [0.17031258815478156, 0.6845743092373754, -0.708767704518471, -125.21294630733811], [-0.9723224146548454, -2.8725474989718734e-08, -0.23364319585455318, 54.072569549066], [0.0, 0.0, 0.0, 1.0]], [[-0.18595519466268323, 0.7289431906014785, 0.6588342647303264, 117.99089799179586], [0.19800737160299442, 0.6845743092552874, -0.7015348297972898, -126.10330466194702], [-0.9624000009009849, -2.894300524510666e-08, -0.2716362628132381, 53.76940963546171], [0.0, 0.0, 0.0, 1.0]], [[-0.21167754096398922, 0.7289431905788233, 0.6510257610027836, 118.82428380742073], [0.2253968420605206, 0.684574309279411, -0.693220239306351, -126.99366301655593], [-0.9509936362167113, -2.9159403075425696e-08, -0.3092104863756655, 53.46624972185742], [0.0, 0.0, 0.0, 1.0]], [[-0.2370734958641873, 0.7289431905503696, 0.6422134228105407, 119.65766962304559], [0.25243876695241113, 0.6845743093097089, -0.6838367535405463, -127.88402137116483], [-0.938120908388257, -2.9374334810932134e-08, -0.3463079298170195, 53.16308980825313], [0.0, 0.0, 0.0, 1.0]], [[-0.2621039006445871, 0.7289431905161613, 0.6324108381393075, 120.49105543867046], [0.2790914495937471, 0.6845743093461343, -0.6733988411536781, -128.77437972577374], [-0.9238016662273636, -2.9587469042494034e-08, -0.3828713915728163, 52.85992989464884], [0.0, 0.0, 0.0, 1.0]], [[-0.2867301602382438, 0.7289431904762511, 0.621633121862972, 121.32444125429532], [0.3053137934829008, 0.6845743093886312, -0.6619225966488467, -129.66473808038265], [-0.9080579889658553, -2.9798477132600036e-08, -0.4188444934395637, 52.55676998104455], [0.0, 0.0, 0.0, 1.0]], [[-0.3109143027407493, 0.7289431904307005, 0.6098968924375618, 122.15782706992019], [0.3310653656693573, 0.6845743094371339, -0.6494257155618942, -130.55509643499155], [-0.8909141522110664, -3.000703372209454e-08, -0.4541717675058579, 52.25361006744026], [0.0, 0.0, 0.0, 1.0]], [[-0.334619037960152, 0.7289431903795799, 0.5972202462767917, 122.99121288554505], [0.3563064590983889, 0.6845743094915678, -0.6359274671761738, -131.44545478960046], [-0.8723965905146169, -3.021281723185792e-08, -0.48879874167987586, 51.95045015383597], [0.0, 0.0, 0.0, 1.0]], [[-0.3578078149157255, 0.7289431903229678, 0.5836227298487073, 123.82459870116992], [0.38099815383645075, 0.684574309551849, -0.6214486648107129, -132.33581314420937], [-0.8525338566122538, -3.041551035865815e-08, -0.522672023681386, 51.64729024023168], [0.0, 0.0, 0.0, 1.0]], [[-0.3804448781969271, 0.7289431902609519, 0.5691253095364507, 124.65798451679478], [0.40510237708289276, 0.6845743096178842, -0.6060116337275872, -133.22617149881827], [-0.8313565773976047, -3.06148005644094e-08, -0.5557393833687682, 51.34413032662739], [0.0, 0.0, 0.0, 1.0]], [[-0.40249532309564545, 0.7289431901936275, 0.5537503393096195, 125.49137033241965], [0.4285819618754539, 0.684574309689572, -0.5896401767079863, -134.11652985342718], [-0.808897406697732, -3.081038055808301e-08, -0.5879498332741001, 51.0409704130231], [0.0, 0.0, 0.0, 1.0]], [[-0.4239251494267258, 0.7289431901210986, 0.5375215262560689, 126.32475614804451], [0.45140070439901986, 0.6845743097668016, -0.5723595373500543, -135.0068882080361], [-0.785190974923302, -3.1001948769527995e-08, -0.619253707222131, 50.73781049941881], [0.0, 0.0, 0.0, 1.0]], [[-0.4447013139537875, 0.7289431900434771, 0.5204638940273032, 127.15814196366938], [0.4735234198092775, 0.6845743098494539, -0.5541963611450934, -135.897246562645], [-0.7602738356710057, -3.11892098144703e-08, -0.6496027369119183, 50.43465058581452], [0.0, 0.0, 0.0, 1.0]], [[-0.4647917813394951, 0.7289431899608825, 0.5026037442538221, 127.99152777929424], [0.49491599648519025, 0.6845743099374016, -0.5351786543921513, -136.7876049172539], [-0.7341844093605667, -3.1371874949973924e-08, -0.6789501263430431, 50.131490672210234], [0.0, 0.0, 0.0, 1.0]], [[-0.4841655790606988, 0.72894319059591, 0.4839686058653942, 128.82491359491925], [0.5155454918442208, 0.6845743092612168, -0.5153357399856793, -137.67796327186272], [-0.7069629002004891, -2.7415352751468547e-08, -0.7072506500345721, 49.82833075860588], [0.0, 0.0, 0.0, 1.0]]]], ["closeGripper", 0], ["pivot", [[[-0.4841655790606987, 0.72894319059591, 0.48396860586539414, 128.82491359491925], [0.5155454918442208, 0.6845743092612168, -0.5153357399856792, -137.67796327186272], [-0.7069629002004891, -2.7415352802565303e-08, -0.7072506500345721, 49.82833075860587], [0.0, 0.0, 0.0, 1.0]], [[-0.47403272318352413, 0.7289435193830023, 0.49389717307049974, 128.07702095926595], [0.5047077401491837, 0.6845739576085875, -0.5259549958301734, -136.87804391661055], [-0.7215005743258169, -4.618670913240291e-05, -0.6924138525013067, 55.73684022646356], [0.0, 0.0, 0.0, 1.0]], [[-0.4636958286391583, 0.7289445028935994, 0.5036131303186725, 127.24547428610384], [0.4936517556745746, 0.6845729056862344, -0.5363468514275582, -135.98865107920565], [-0.7357269377922485, -9.232604516167499e-05, -0.6772782945506742, 61.62132907555643], [0.0, 0.0, 0.0, 1.0]], [[-0.45315935555634757, 0.728946140703339, 0.5131122854011175, 126.33063236841517], [0.4823823088196619, 0.6845711539480371, -0.5465068229346757, -135.01016851190013], [-0.7496358522559728, -0.00013842551539361536, -0.6618505068226864, 67.47925828628235], [0.0, 0.0, 0.0, 1.0]], [[-0.44242785017731967, 0.7289484321055446, 0.5223905396541147, 125.33288993913622], [0.47090426208774944, 0.6845687031498303, -0.5564305265609413, -133.94301840708528], [-0.7632213163450144, -0.00018446522898280424, -0.6461371460476834, 73.30810029890328], [0.0, 0.0, 0.0, 1.0]], [[-0.4315059428961863, 0.7289513761115297, 0.5314438897274959, 124.25267750083923], [0.4592225679881194, 0.684565554349076, -0.5661136804598462, -132.78766121512544], [-0.776477468248686, -0.00023042532086758075, -0.6301449921741105, 79.10534010412837], [0.0, 0.0, 0.0, 1.0]], [[-0.42039834626103634, 0.7289549714510243, 0.5402684293119981, 123.09046113998056], [0.4473422668991403, 0.684561708904408, -0.5755521065764753, -131.54459544568434], [-0.7893985882468226, -0.0002762859603405488, -0.6138809454431279, 84.86847632828162], [0.0, 0.0, 0.0, 1.0]], [[-0.40910985294058083, 0.7289592165727231, 0.5488603508247436, 121.84674232579528], [0.43526848489346126, 0.684557168475046, -0.5847417324502395, -130.21435745262997], [-0.8019791011777065, -0.0003220273596066636, -0.5973520234113185, 90.59502231258635], [0.0, 0.0, 0.0, 1.0]], [[-0.39764533365622934, 0.7289641096449558, 0.557215947052124, 120.52205769392503], [0.42300643152623174, 0.6845519350200796, -0.5936785929720486, -128.79752120261048], [-0.8142135788436214, -0.0003676297823191136, -0.5805653579227761, 96.2825071861005], [0.0, 0.0, 0.0, 1.0]], [[-0.3860097459632939, 0.7289696387521835, 0.5653316081708512, 119.116980635355], [0.4105614061384964, 0.6845460213306446, -0.6023588599908744, -127.29470469594956], [-0.8260967343308292, -0.00041305621821092494, -0.563528185948414, 101.92847603458188], [0.0, 0.0, 0.0, 1.0]]]], ["pivot", [[[-0.386009745963294, 0.7289696387521836, 0.5653316081708512, 119.11698063535503], [0.41056140613849634, 0.6845460213306446, -0.6023588599908744, -127.29470469594955], [-0.8260967343308291, -0.00041305621821097405, -0.563528185948414, 101.92847603458186], [0.0, 0.0, 0.0, 1.0]], [[-0.3739990986658938, 0.7289759343275434, 0.5733400797767679, 117.60502571173777], [0.3977152330164449, 0.6845392878008879, -0.6109244443549167, -125.67756998034346], [-0.8378229365653918, -0.000459114233706316, -0.5459418624962816, 107.66553152770769], [0.0, 0.0, 0.0, 1.0]], [[-0.3618218672119431, 0.7289828933420651, 0.5810929045009336, 116.01059438896102], [0.38469088723962713, 0.6845318446795398, -0.6192165976523585, -123.97222135953714], [-0.8491748123128751, -0.0005049671239768522, -0.5281116205613544, 113.35451324540747], [0.0, 0.0, 0.0, 1.0]], [[-0.34948349220240116, 0.7289905126865674, 0.5885866184997155, 114.33439903457868], [0.3714941878867389, 0.684523695292073, -0.6272316150758012, -122.17942075723853], [-0.8601472897286383, -0.0005505944026517328, -0.5100454264233026, 118.99287943757088], [0.0, 0.0, 0.0, 1.0]], [[-0.33698948623470615, 0.7289987889568437, 0.5958178736961944, 112.57718854706476], [0.35813103104142047, 0.6845148432795096, -0.6349659156379203, -120.29996916936483], [-0.8707354664774195, -0.0005959756841597965, -0.49175135178163715, 124.57811096833106], [0.0, 0.0, 0.0, 1.0]], [[-0.3243454314398301, 0.7290077184551825, 0.6027834392760337, 110.7397480212169], [0.3446073871579769, 0.6845052925967935, -0.642416043771396, -118.33470630616969], [-0.8809346119236223, -0.0006410906928382329, -0.47323757014939455, 130.10771244157604], [0.0, 0.0, 0.0, 1.0]], [[-0.31155697698826845, 0.7290172971920205, 0.6094802031309584, 108.822898397388], [0.3309292983938692, 0.6844950475110234, -0.6495786708728074, -116.28451021707325], [-0.8907401692448924, -0.000685919271990101, -0.45451235320133887, 135.5792133158535], [0.0, 0.0, 0.0, 1.0]], [[-0.29862983656607756, 0.7290275208877246, 0.6159051732491968, 106.82749609470277], [0.3171028759101716, 0.6844841125995479, -0.656450596789803, -114.1502968983636], [-0.900147757468037, -0.000730441392891315, -0.4355840670783027, 140.99016900817122], [0.0, 0.0, 0.0, 1.0]], [[-0.285569785822086, 0.7290383849745039, 0.6220554790522669, 104.75443262842262], [0.3031342971411981, 0.6844724927479178, -0.6630287512508777, -111.93301988394322], [-0.9091531734263748, -0.0007746371637386518, -0.41646116864932337, 146.338161986199], [0.0, 0.0, 0.0, 1.0]], [[-0.27238265978742876, 0.7290498845984582, 0.6279283726775101, 102.60463421163236], [0.28902980303451936, 0.6844601931477123, -0.6693101952371334, -109.63366981930618], [-0.9177523936376479, -0.0008184868385330661, -0.39715220173324245, 151.62080284838555], [0.0, 0.0, 0.0, 1.0]]]], ["pivot", [[[-0.27238265978742876, 0.7290498845984582, 0.6279283726775101, 102.60463421163236], [0.28902980303451936, 0.6844601931477123, -0.6693101952371332, -109.63366981930616], [-0.9177523936376478, -0.0008184868385330252, -0.39715220173324245, 151.62080284838555], [0.0, 0.0, 0.0, 1.0]], [[-0.259382710217034, 0.7290617277032917, 0.633395371060537, 100.43097406594612], [0.2751255064030301, 0.6844475261722177, -0.6751575077047584, -107.30879807438046], [-0.9257572904624229, -0.0008609718649411394, -0.3781173027747357, 156.7559707144212], [0.0, 0.0, 0.0, 1.0]], [[-0.24627264743003624, 0.7290741674059111, 0.6385927741893378, 98.18536134388513], [0.2611034364818519, 0.6844342210963561, -0.6807164704088015, -104.90696834127979], [-0.9333674373772965, -0.0009030897664347692, -0.3589211717387283, 161.82432484086553], [0.0, 0.0, 0.0, 1.0]], [[-0.23305806165635587, 0.7290871984019334, 0.6435183658519121, 95.86875359169717], [0.24696957238764447, 0.6844202835935128, -0.6859847129655251, -102.42920477836681], [-0.9405795893580711, -0.0009448225836221945, -0.3395719940006693, 166.8237040431885], [0.0, 0.0, 0.0, 1.0]], [[-0.2197445876953048, 0.7291008151348433, 0.648170045738724, 93.48213862844759], [0.2327299409069477, 0.6844057196067447, -0.6909599889564604, -99.87656392276327], [-0.9473906710885982, -0.0009861525213145075, -0.32007802019627873, 171.7519765482893], [0.0, 0.0, 0.0, 1.0]], [[-0.20633790251286627, 0.7291150117983629, 0.6525458303382904, 91.02653412480598], [0.21839061392631584, 0.6843905353462453, -0.6956401768862982, -97.250134239835], [-0.9537977782721178, -0.0010270619561136634, -0.3004475627034145, 176.60704090350052], [0.0, 0.0, 0.0, 1.0]], [[-0.19284372282099307, 0.7291297823389278, 0.6566438537829653, 88.50298716910382], [0.20395770584321757, 0.6843747372866987, -0.7000232810875104, -94.5510356590618], [-0.9597981788696716, -0.0010675334439274502, -0.28068899209761095, 181.38682687266368], [0.0, 0.0, 0.0, 1.0]], [[-0.17926780263995884, 0.7291451204582672, 0.6604623686445593, 85.91257382084791], [0.1894373709588115, 0.6843583321645164, -0.7041074325713176, -91.78041909649096], [-0.9653893142650654, -0.0011075497274072176, -0.2608107335828033, 186.08929631889325], [0.0, 0.0, 0.0, 1.0]], [[-0.16561593084479942, 0.7291610196160913, 0.6639997466794573, 83.25639865188045], [0.17483580085370595, 0.6843413269749667, -0.7078908898246392, -88.93946596397822], [-0.9705688003558822, -0.0011470937433071785, -0.24082126339875595, 190.7124440736539], [0.0, 0.0, 0.0, 1.0]], [[-0.15189392869689375, 0.7291774730328792, 0.667254479522913, 80.53559427538147], [0.16015922174782118, 0.6843237289691915, -0.7113720395526895, -86.0293876654246], [-0.975334428570082, -0.0011861486297599115, -0.22072910520673034, 195.25429879177935], [0.0, 0.0, 0.0, 1.0]], [[-0.1381076473617335, 0.7291944736927691, 0.6702251793322272, 77.75132086291387], [0.14541389184548306, 0.6843055456511131, -0.7145493973668977, -83.05142508022482], [-0.9796841668077534, -0.0012246977334662162, -0.20054282645493102, 199.71292379206903], [0.0, 0.0, 0.0, 1.0]], [[-0.12426296541394173, 0.7292120143465516, 0.6729105793785349, 74.90476564971735], [0.13060609866687656, 0.684286784774236, -0.7174216084178618, -80.00684803414657], [-0.9836161603076158, -0.0012627246167970568, -0.180271034725281, 204.08641788310354], [0.0, 0.0, 0.0, 1.0]], [[-0.11036578633060452, 0.7292300875147586, 0.675309534586947, 71.99714242846247], [0.11574215636700057, 0.6842674543383399, -0.7199874479730684, -76.89695475786775], [-0.9871287324379039, -0.0013002130648015774, -0.15992237406308374, 208.37291617392685], [0.0, 0.0, 0.0, 1.0]], [[-0.09642203597398362, 0.729248685490855, 0.6774210220248201, 69.02969103168041], [0.10082840304326361, 0.6842475625860688, -0.722245821939126, -73.72307133340053], [-0.9902203854112972, -0.00133714709212241, -0.1395055212911371, 212.5705908692501], [0.0, 0.0, 0.0, 1.0]], [[-0.08243766006468406, 0.729267800344523, 0.6792441413379425, 66.00367680308887], [0.08587119803287172, 0.6842271179994164, -0.7241957673282965, -70.4865511286404], [-0.9928898009235863, -0.0013735109498103654, -0.11902918230986977, 216.6776520488374], [0.0, 0.0, 0.0, 1.0]], [[-0.06841862164635307, 0.7292874239250446, 0.6807781151344511, 62.92039005803967], [0.07087691920115805, 0.6842061292961091, -0.7258364526691187, -67.18877422027948], [-0.9951358407158089, -0.0014092891320419394, -0.09850208838508093, 220.69234843074122], [0.0, 0.0, 0.0, 1.0]], [[-0.05437089854299469, 0.7293075478647764, 0.6820222893163177, 59.78114553331903], [0.05585196022201443, 0.6841846054258889, -0.7271671783609553, -63.831146805331755], [-0.996957547059611, -0.0014444663827295348, -0.07793299242486018, 224.6129681180622], [0.0, 0.0, 0.0, 1.0]], [[-0.040300480809979146, 0.7293281635827183, 0.6829761333582621, 56.587281826533484], [0.04080272785157919, 0.6841625555666966, -0.7281873769723075, -60.41510060151977], [-0.998354143165631, -0.0014790277020274491, -0.05733066524728359, 228.43783932891517], [0.0, 0.0, 0.0, 1.0]], [[-0.026213368179838534, 0.7293492622881723, 0.6836392405339712, 53.34016082532197], [0.025735639196348206, 0.6841399891207588, -0.7288966134827717, -56.942092236779374], [-0.999325033514727, -0.0015129583527279155, -0.036703891840469564, 232.16533110928935], [0.0, 0.0, 0.0, 1.0]], [[-0.012115567503935366, 0.7293708349844908, 0.6840113280895301, 50.041167126636466], [0.010657118976872269, 0.6841169157105786, -0.7292945854685361, -53.41360262814274], [-0.9998698041119114, -0.0015462438665445933, -0.016061467616593467, 235.79385402849954], [0.0, 0.0, 0.0, 1.0]], [[0.001986909808904555, 0.7293928724729135, 0.6840922373639917, 46.69170744633949], [-0.004426403211792256, 0.6840933451748334, -0.7293811232313367, -49.831136350264046], [-0.9999882226628821, -0.001578870050282744, 0.004587805338543076, 239.32186085693155], [0.0, 0.0, 0.0, 1.0]], [[0.016088050355701506, 0.7294153653564878, 0.6838819338570289, 43.293210019369766], [-0.019508495641711407, 0.684069287564177, -0.7291561898708163, -46.19622099385732], [-0.9996802386730731, -0.0016108229918909023, 0.02523512201878681, 242.74784722579244], [0.0, 0.0, 0.0, 1.0]], [[0.030181841303494137, 0.7294383040440748, 0.6833805072436483, 39.84712399072962], [-0.034582727194602, 0.6840447531369581, -0.7286198813002579, -42.510406514322156], [-0.9989459834691866, -0.0016420890664073317, 0.04587167825215565, 246.07035226858522], [0.0, 0.0, 0.0, 1.0]]]], ["pivot", [[[0.030181841303494175, 0.7294383040440748, 0.6833805072436483, 39.84712399072961], [-0.03458272719460206, 0.6840447531369581, -0.7286198813002578, -42.510406514322156], [-0.9989459834691866, -0.00164208906640744, 0.045871678252155705, 246.07035226858522], [0.0, 0.0, 0.0, 1.0]], [[0.04399883486324228, 0.7294612372159344, 0.6826056747090141, 36.42009489543021], [-0.0493609058305885, 0.6840202246091736, -0.727791147208411, -38.844974671855596], [-0.997811400067812, -0.001672089234438169, 0.06610294038286364, 249.31763744243977], [0.0, 0.0, 0.0, 1.0]], [[0.05779729147092272, 0.7294845808223575, 0.6815510408174881, 32.948833387944354], [-0.06411925798349515, 0.6839952570947688, -0.7266631472584121, -35.13223337049951], [-0.9962671231404531, -0.0017014028557586543, 0.08630706116529523, 252.46258189822487], [0.0, 0.0, 0.0, 1.0]], [[0.07157154558859864, 0.729508325278643, 0.6802170385934656, 29.434764740990516], [-0.07885172398981186, 0.6839698608452098, -0.7252363445981842, -31.373707032679583], [-0.994313786755091, -0.0017300178944259948, 0.10647574494610139, 255.50389434650697], [0.0, 0.0, 0.0, 1.0]], [[0.08531594161568583, 0.729532460835503, 0.6786042157677848, 25.87933180356231], [-0.09355225481467665, 0.6839440462879968, -0.7235113250616957, -27.57093887979783], [-0.9919521929363072, -0.0017579226013301986, 0.12660071062208755, 258.44032604862895], [0.0, 0.0, 0.0, 1.0]], [[0.09902483621109755, 0.7295569775830683, 0.6767132345528342, 22.28399440850643], [-0.10821481453556248, 0.6839178240223847, -0.7214887969284238, -23.725490298598288], [-0.9891833113359807, -0.0017851055190175708, 0.1466736950403697, 261.2706713305771], [0.0, 0.0, 0.0, 1.0]], [[0.1126926006103558, 0.7295818654549537, 0.674544871370652, 18.650228773126408], [-0.12283338282057926, 0.6838912048150291, -0.7191695906325384, -19.838940200073644], [-0.9860082788351545, -0.0018115554863956723, 0.16668645639116011, 263.9937680832331], [0.0, 0.0, 0.0, 1.0]], [[0.1263136229367188, 0.7296071142323952, 0.6721000165341353, 14.979526893059571], [-0.13740195740037528, 0.6838641995955682, -0.7165546584219346, -15.912884371176922], [-0.9824283990772439, -0.001837261643315443, 0.18663077759179003, 266.60849826165213], [0.0, 0.0, 0.0, 1.0]], [[0.13988231050537248, 0.7296327135484432, 0.6693796738814826, 11.27339592967526], [-0.15191455653262148, 0.6838368194521329, -0.713645073967245, -11.948934819603807], [-0.9784451419327674, -0.00186221343503081, 0.20649846966057836, 269.1137884315219], [0.0, 0.0, 0.0, 1.0]], [[0.1533930921197433, 0.7296586528922188, 0.6663849603640266, 7.533357591246265], [-0.16636522145806806, 0.6838090756267948, -0.7104420319210005, -7.948719111914912], [-0.9740601428958318, -0.0018864006165320083, 0.22628137507916427, 271.50861053088977], [0.0, 0.0, 0.0, 1.0]], [[0.16684042035898808, 0.7296849216132316, 0.663117105587623, 3.7609475081473036], [-0.18074801884716424, 0.6837809795109513, -0.7069468474271151, -3.9138797052699275], [-0.9692752024126103, -0.0019098132567522458, 0.24597137114191953, 273.79198338683636], [0.0, 0.0, 0.0, 1.0]], [[0.18021877385572113, 0.7297115089257508, 0.6595774513077836, -0.042285397662773505], [-0.1950570432362368, 0.6837525426406463, -0.7031609555808972, 0.15392672695266896], [-0.9640922851420937, -0.0019324417426451821, 0.26556037329106796, 275.96297657839034], [0.0, 0.0, 0.0, 1.0]], [[0.19352265956304446, 0.7297384039132349, 0.6557674508787618, -3.874779548616054], [-0.20928641945222715, 0.683723776691836, -0.699085910839812, 4.253029975372506], [-0.9585135191494166, -0.0019542767831322925, 0.28504033843614157, 278.02072093774194], [0.0, 0.0, 0.0, 1.0]], [[0.20674661500995486, 0.7297655955328131, 0.6516886686568175, -7.734961352708446], [-0.2234303050249861, 0.683694693475594, -0.6947233863852341, 8.381746980380825], [-0.9525411950320909, -0.0019753094129244383, 0.30440326825640945, 279.9644362169387], [0.0, 0.0, 0.0, 1.0]]]], ["pivot", [[[0.20674661500995484, 0.729765595532813, 0.6516886686568175, -7.73496135270846], [-0.22343030502498604, 0.683694693475594, -0.6947233863852341, 8.381746980380818], [-0.9525411950320909, -0.0019753094129243737, 0.30440326825640934, 279.9644362169387], [0.0, 0.0, 0.0, 1.0]], [[0.22001843358813475, 0.7297933536172462, 0.6472971949188627, -11.661564983188896], [-0.23762538334825659, 0.6836650043881255, -0.6900264178953746, 12.581506474588004], [-0.946111018383606, -0.0019957325463567416, 0.3238362818555864, 281.90434154861885], [0.0, 0.0, 0.0, 1.0]], [[0.23319758571312216, 0.7298213913771575, 0.6426349911945047, -15.614460629482345], [-0.25172134883681957, 0.6836350161694342, -0.6850398859716257, 16.809386999951855], [-0.9392844310530515, -0.0020153194885975338, 0.34313361141887866, 283.7265446965734], [0.0, 0.0, 0.0, 1.0]], [[0.24627854945717115, 0.7298496970650173, 0.637704010898641, -19.591992069402544], [-0.2657122954276599, 0.6836047413842725, -0.6797658799190296, 21.063617118480174], [-0.9320642933095581, -0.0020340620329213095, 0.3622871715657911, 285.43088550393816], [0.0, 0.0, 0.0, 1.0]], [[0.25925584403244695, 0.7298782588210361, 0.632506320060759, -23.59249275862183], [-0.279592361059589, 0.68357419271746, -0.6742066094912996, 25.34241435197518], [-0.9244536303157881, -0.002051952326397065, 0.38128893715371964, 287.018022648808], [0.0, 0.0, 0.0, 1.0]], [[0.27212403208741903, 0.7299070646781353, 0.627044096459291, -27.614286528935814], [-0.29335573012938776, 0.6835433829685712, -0.668364403964958, 29.643985928873285], [-0.9164556308604248, -0.002068982873177725, 0.4001309466404022, 288.49017222649957], [0.0, 0.0, 0.0, 1.0]], [[0.28487772198505434, 0.7299361025669601, 0.6213196287091473, -31.65568829056047], [-0.3069966359284833, 0.6835123250465704, -0.6622417111633916, 33.96652953539771], [-0.9080736460221025, -0.002085146537641095, 0.41880530541972294, 289.85227282323694], [0.0, 0.0, 0.0, 1.0]], [[0.2975115700618581, 0.7299653603209372, 0.6153353153028104, -35.71500473816722], [-0.3205093630591404, 0.6834810319644041, -0.6558410964312401, 38.308234070709325], [-0.899311187765339, -0.0021004365473798955, 0.4373041891294695, 291.11354088044766], [0.0, 0.0, 0.0, 1.0]], [[0.31002028286681205, 0.7299948256813712, 0.6090936636053917, -39.79053506036029], [-0.3338882498291531, 0.6834495168335482, -0.6491652415595428, 42.66728040573897], [-0.8901719274690604, -0.0021148464960389613, 0.4556198469296597, 292.2890704644275], [0.0, 0.0, 0.0, 1.0]], [[0.32239861937927683, 0.730024486302583, 0.602597288804072, -43.880571652299025], [-0.34712769062403576, 0.6834177928585152, -0.6422169436620975, 47.04184214538363], [-0.8806596943883298, -0.002128370345999653, 0.4737446047500626, 293.40066060109643], [0.0, 0.0, 0.0, 1.0]], [[0.3346413932049238, 0.7300543297570805, 0.5958489128123644, -47.98340083116648], [-0.3602221382557166, 0.6833858733313206, -0.6349991140034964, 51.430086393747146], [-0.8707784740499303, -0.002141002430909345, 0.49167086850555486, 294.47559499642296], [0.0, 0.0, 0.0, 1.0]], [[0.3467434747487812, 0.7300843435407659, 0.5888513631296615, -52.09730355418482], [-0.3731661062867522, 0.6833537716259148, -0.627514776779339, 55.830174522104315], [-0.8605324065824702, -0.00215273745805572, 0.5093911272779627, 295.5420218986591], [0.0, 0.0, 0.0, 1.0]], [[0.3586997933644809, 0.7301145150781765, 0.5816075716565421, -56.220556138876226], [-0.38595417132908716, 0.6833215011925786, -0.6197670678491237, 60.240262939267424], [-0.849925784981713, -0.002163570510584477, 0.5268979564630591, 296.62032554406903], [0.0, 0.0, 0.0, 1.0]], [[0.3705053394788063, 0.7301448317277515, 0.5741205734663356, -60.35143098526816], [-0.3985809753163985, 0.683289075552288, -0.6117592334223568, 64.65850386403162], [-0.8389630533118554, -0.002173497049559227, 0.5441840208813955, 297.71163334786877], [0.0, 0.0, 0.0, 1.0]], [[0.3821551666906553, 0.7301752807871263, 0.5663935055334536, -64.48819729974115], [-0.41104122774906227, 0.6832565082910471, -0.6034946286984225, 69.0830460993748], [-0.8276488048435119, -0.002182512915870354, 0.5612420778516656, 298.7869206338213], [0.0, 0.0, 0.0, 1.0]]]], ["pivot", [[[0.3821551666906554, 0.7301752807871265, 0.5663935055334536, -64.48819729974116], [-0.41104122774906227, 0.6832565082910471, -0.6034946286984226, 69.0830460993748], [-0.8276488048435118, -0.0021825129158703363, 0.5612420778516655, 298.7869206338213], [0.0, 0.0, 0.0, 1.0]], [[0.39389250520287417, 0.7302065153491321, 0.5582537549814585, -68.69273179421948], [-0.4235950786806554, 0.683223100883367, -0.5947886323574939, 73.58007080766978], [-0.8157302933040461, -0.002190780283863688, 0.5784282725993973, 299.8797044397013], [0.0, 0.0, 0.0, 1.0]], [[0.4054570465580952, 0.7302378611613408, 0.5498703171017324, -72.90153954856056], [-0.4359641117355199, 0.6831895744863529, -0.5858219964873699, 78.08166604215444], [-0.8034549680595763, -0.0021980893799989506, 0.5953614534076889, 300.8881905340893], [0.0, 0.0, 0.0, 1.0]], [[0.4168437322377355, 0.7302693045125841, 0.541246858946431, -77.11277956176113], [-0.4481429164973118, 0.6831559437649962, -0.5765986432404983, 82.585862731817], [-0.7908281985371255, -0.002204437007158614, 0.6120342134276949, 301.71234062304666], [0.0, 0.0, 0.0, 1.0]], [[0.42804758152017863, 0.730300831649028, 0.5323871525564841, -81.32460976890827], [-0.4601261657586376, 0.6831222234299217, -0.5671226070616838, 87.09069066772686], [-0.7778555078911628, -0.0022098203887872298, 0.6284392597228599, 302.23938965557545], [0.0, 0.0, 0.0, 1.0]], [[0.43906369365942405, 0.7303324287801907, 0.523295073311644, -85.53518784692861], [-0.4719086178512625, 0.683088428230953, -0.5573980329233587, 91.59417936483607], [-0.7645425705876867, -0.002214237170106077, 0.6445694164589686, 302.37228032298555], [0.0, 0.0, 0.0, 1.0]], [[0.44988725002875257, 0.7303640820849723, 0.5139745982353316, -89.74267202045046], [-0.4834851189389006, 0.6830545729506599, -0.5474291745125028, 96.09435892390144], [-0.7508952099221203, -0.0022176854191430966, 0.6604176280429728, 302.05756513220797], [0.0, 0.0, 0.0, 1.0]], [[0.46051351622847214, 0.7303957777177023, 0.504429804255021, -93.94522186742628], [-0.49485060527158736, 0.6830206723978927, -0.5372203923700121, 100.58926089315072], [-0.7369193954721076, -0.00222016362757809, 0.6759769622092212, 301.3017967462662], [0.0, 0.0, 0.0, 1.0]], [[0.470937844156822, 0.7304275018141952, 0.4946648664189251, -98.14099912416333], [-0.5060001054006458, 0.6829867414013052, -0.5267761519833267, 105.07691912931527], [-0.7226212404863225, -0.002221670711402325, 0.6912406130517464, 300.16952541819876], [0.0, 0.0, 0.0, 1.0]], [[0.48115567567133494, 0.7304592437936157, 0.48468405881219284, -102.32816836981334], [-0.5169287395871359, 0.6829527912762574, -0.5161010192810056, 109.55537048256639], [-0.708007009333596, -0.0022222064872054643, 0.7062019132581528, 298.7637622893115], [0.0, 0.0, 0.0, 1.0]]]], ["setGripper", 37.5356393026], ["fingerGait", [[[0.48115567567133516, 0.7304592437936162, 0.484684058812193, -102.5732639905308], [-0.5169287395871359, 0.6829527912762575, -0.5161010192810058, 109.8175162801225], [-0.7080070093335966, -0.0022222064872053993, 0.7062019132581537, 300.64758910746673], [0.0, 0.0, 0.0, 1.0]], [[0.4998133280421316, 0.73045924398194, 0.4654203024511537, -102.78170137394102], [-0.5367922370908585, 0.6829527910730323, -0.4954085974128994, 110.0394514633506], [-0.6797358053205611, -0.0022222070408912803, 0.7334536812353784, 299.42837850405357], [0.0, 0.0, 0.0, 1.0]], [[0.5177003045336324, 0.730459244184982, 0.445438901771535, -102.99013875735123], [-0.555828039909282, 0.6829527908541018, -0.47395229141894535, 110.2613866465787], [-0.6504164980176025, -0.0022222075832728084, 0.7595745168557377, 298.2091679006404], [0.0, 0.0, 0.0, 1.0]], [[0.5347890247259729, 0.7304592444024293, 0.4247706666433277, -103.19857614076145], [-0.5740067962157046, 0.6829527906198035, -0.4517651853661095, 110.4833218298068], [-0.620094295669163, -0.0022222081135136714, 0.7845241436860421, 296.98995729722725], [0.0, 0.0, 0.0, 1.0]], [[0.5510531390525799, 0.7304592446339465, 0.40344746598540515, -103.40701352417166], [-0.5913004756869588, 0.6829527903704987, -0.42888149016202126, 110.7052570130349], [-0.5888159529110744, -0.002222208630796276, 0.8082640912120725, 295.7707466938141], [0.0, 0.0, 0.0, 1.0]], [[0.5664675694292914, 0.7304592448791767, 0.3815021786259632, -103.61545090758187], [-0.607682412724135, 0.6829527901065718, -0.4053364908042366, 110.927192196263], [-0.5566296986783024, -0.0022222091343230108, 0.8307577541573227, 294.55153609040093], [0.0, 0.0, 0.0, 1.0]], [[0.581008547922943, 0.7304592451377417, 0.35896864260575245, -103.82388829099209], [-0.623127347569001, 0.6829527898284299, -0.381166491973332, 111.14912737949109], [-0.5235851618394282, -0.0022222096233174733, 0.8519704489256789, 293.33232548698777], [0.0, 0.0, 0.0, 1.0]], [[0.5946536533997957, 0.7304592454092428, 0.33588160300227504, -104.0323256744023], [-0.6376114652527157, 0.6829527895365016, -0.3564087620537213, 111.37106256271919], [-0.48973329467253457, -0.0022222100970256697, 0.8718694670810088, 292.1131148835746], [0.0, 0.0, 0.0, 1.0]], [[0.6073818460972978, 0.7304592456932615, 0.312276658355396, -104.24076305781252], [-0.6511124323167835, 0.6829527892312374, -0.3311014756685111, 111.59299774594729], [-0.4551262943004898, -0.0022222105547171763, 0.8904241257811963, 290.89390428016145], [0.0, 0.0, 0.0, 1.0]], [[0.6191735000658719, 0.7304592459893596, 0.2881902057769779, -104.44920044122273], [-0.6636094312496262, 0.6829527889131076, -0.3052836548170021, 111.81493292917538], [-0.41981752220677165, -0.002222210995686266, 0.9076058150888583, 289.6746936767483], [0.0, 0.0, 0.0, 1.0]], [[0.6300104334307048, 0.7304592462970808, 0.26365938482917545, -104.65763782463294], [-0.6750831925856761, 0.682952788582603, -0.27899510870559735, 112.03686811240348], [-0.3838614219559321, -0.002222211419252997, 0.9233880420857915, 288.45548307333513], [0.0, 0.0, 0.0, 1.0]], [[0.6398759364268796, 0.7304592466159505, 0.23872202025792533, -104.86607520804316], [-0.6855160246174928, 0.6829527882402332, -0.2522763723648947, 112.25880329563158], [-0.3473134352455709, -0.002222211824764259, 0.9377464717231305, 287.23627246992197], [0.0, 0.0, 0.0, 1.0]], [[0.6487547971646203, 0.730459246945477, 0.21341656366993272, -105.07451259145337], [-0.6948918406750935, 0.6829527878865259, -0.22516864414761087, 112.48073847885968], [-0.310229916419261, -0.002222212211594784, 0.9506589643442273, 286.0170618665088], [0.0, 0.0, 0.0, 1.0]], [[0.6566333250849226, 0.7304592472851523, 0.18778203424308368, -105.28294997486358], [-0.7031961839304294, 0.6829527875220267, -0.19771372220371083, 112.70267366208778], [-0.2726680455722397, -0.002222212579148107, 0.9621056098223947, 284.79785126309565], [0.0, 0.0, 0.0, 1.0]], [[0.663499372069402, 0.7304592476344527, 0.16185795856170418, -105.4913873582738], [-0.710416249688767, 0.6829527871472976, -0.16995394003069356, 112.92460884531587], [-0.23468574038385098, -0.0022222129268574873, 0.9720687582608781, 283.5786406596825], [0.0, 0.0, 0.0, 1.0]], [[0.6693423511718113, 0.7304592479928393, 0.13568430966943507, -105.69982474168401], [-0.7165409051325974, 0.6829527867629164, -0.14193210119841052, 113.14654402854397], [-0.19634156681268616, -0.002222213254186783, 0.9805330472077148, 282.35943005626933], [0.0, 0.0, 0.0, 1.0]], [[0.6741532529423431, 0.7304592483597598, 0.10930144543369928, -105.90826212509423], [-0.7215607064876332, 0.6829527863694758, -0.11369141334906684, 113.36847921177207], [-0.1576946487921256, -0.002222213560631275, 0.9874854253435205, 281.1402194528562], [0.0, 0.0, 0.0, 1.0]], [[0.6779246593195479, 0.7304592487346483, 0.08275004631679866, -106.11669950850444], [-0.7254679135844235, 0.6829527859675822, -0.08527542157417221, 113.59041439500017], [-0.11880457706552339, -0.0022222138457184495, 0.9929151726056766, 279.921008849443], [0.0, 0.0, 0.0, 1.0]], [[0.6806507550684467, 0.7304592491169267, 0.056071052649592834, -106.32513689191465], [-0.7282565017931334, 0.6829527855578557, -0.056727941271169424, 113.81234957822826], [-0.079731317301605, -0.0022222141090087215, 0.9968139167178893, 278.70179824602985], [0.0, 0.0, 0.0, 1.0]], [[0.682327336747201, 0.7304592495060056, 0.029305601504479695, -106.53357427532487], [-0.7299221713130859, 0.6829527851409277, -0.02809299058327074, 114.03428476145636], [-0.04053511763175727, -0.002222214350096117, 0.9991756460996318, 277.4825876426167], [0.0, 0.0, 0.0, 1.0]], [[0.6829518179570749, 0.7304592437936162, 0.0024949561610003346, -106.74201165873495], [-0.7304623527831335, 0.6829527912762575, 0.0005853050264366629, 114.25621994468456], [-0.0012763956667815315, -0.0022222064872053993, 0.9999966996134358, 276.2633770392039], [0.0, 0.0, 0.0, 1.0]]]], ["closeGripper", 0], ["pivot", [[[0.6829518179570749, 0.7304592437936163, 0.0024949561610003346, -106.74201165873494], [-0.7304623527831337, 0.6829527912762575, 0.0005853050264366631, 114.25621994468456], [-0.0012763956667815317, -0.0022222064872053993, 0.9999966996134357, 276.2633770392039], [0.0, 0.0, 0.0, 1.0]], [[0.6829557760748808, 0.7304592519049364, 0.000712093774123367, -107.22362094525099], [-0.7304585050266639, 0.6829527828860108, 0.0024295085305568033, 114.7544301888786], [0.0012883309025756456, -0.0022222064374203716, 0.9999966871169442, 276.27329438930457], [0.0, 0.0, 0.0, 1.0]]]]]