[["init", [[[-0.6242314258014181, 0.4701465898761153, 0.6239370330748519, 160.8507006746411], [0.33252226363546633, 0.8825883191404525, -0.33236541540088815, -86.1921668351969], [-0.7069399803973497, -1.9977512018333577e-08, -0.7072735784641266, 53.428294654641036], [0.0, 0.0, 0.0, 1.0]]]], ["closeGripper", 0], ["pivot", [[[-0.6242314258014181, 0.4701465898761153, 0.6239370330748519, 160.85070067464113], [0.3325222636354664, 0.8825883191404524, -0.3323654154008881, -86.1921668351969], [-0.7069399803973498, -1.9977512070646566e-08, -0.7072735784641266, 53.42829465464105], [0.0, 0.0, 0.0, 1.0]], [[-0.6102997418547718, 0.4701469807206216, 0.6375705083319813, 159.7502233886619], [0.3250686469495679, 0.8825881100382061, -0.33965949019004327, -85.60339891873255], [-0.7224020103106488, -3.995412353307332e-05, -0.691473342243889, 59.58113235491842], [0.0, 0.0, 0.0, 1.0]], [[-0.5960700847474205, 0.4701481498444392, 0.650892682403606, 158.5300872266444], [0.3174556110041198, 0.8825874845471728, -0.3467870151399445, -84.95061206248], [-0.7375109854792132, -7.98687124821958e-05, -0.6753351668417175, 65.70487685679623], [0.0, 0.0, 0.0, 1.0]], [[-0.5815494088453365, 0.47015009667619023, 0.6638970444319221, 157.1908884976454], [0.3096868764677035, 0.8825864429730448, -0.35374450686258047, -84.23412529863137], [-0.752259521793786, -0.0001197442371672553, -0.6588669393610758, 71.79653534322624], [0.0, 0.0, 0.0, 1.0]], [[-0.566744810742177, 0.4701528202644124, 0.676577238881298, 155.73328169938043], [0.3017662401024398, 0.8825849858248639, -0.36052856506915176, -83.45428879101223], [-0.7666404113000007, -0.00015956120948711525, -0.6420767082095915, 77.85313067834574], [0.0, 0.0, 0.0, 1.0]], [[-0.5516635257910145, 0.4701563192780246, 0.6889270686443736, 154.15797919835566], [0.2936975729084237, 0.8825831138147723, -0.3671358742318713, -82.61148366394843], [-0.7806466257210783, -0.00019930016995727093, -0.6249726791656119, 83.87170286247351], [0.0, 0.0, 0.0, 1.0]], [[-0.5363129245682499, 0.4701605920069769, 0.7009404980707314, 152.46575088171767], [0.2854848182318753, 0.8825808278576649, -0.37356320520434, -81.70612181600166], [-0.7942713198927098, -0.00023894169721875677, -0.6075632113678466, 89.84931047873079], [0.0, 0.0, 0.0, 1.0]], [[-0.5207005092714404, 0.4701656363630872, 0.7126116559166606, 150.6574237809918], [0.277131989837935, 0.8825781290707431, -0.37980741679970714, -80.73864571866514], [-0.8075078351084488, -0.0002784664175309878, -0.5898568132300632, 95.78303213058052], [0.0, 0.0, 0.0, 1.0]], [[-0.5048339100527988, 0.4701714498810603, 0.7239348382145698, 148.73388166789215], [0.2686431699490419, 0.8825750187729662, -0.3858654573258402, -79.7095282001172], [-0.8203497023739746, -0.00031785501423917773, -0.571862138282825, 101.66996786958194], [0.0, 0.0, 0.0, 1.0]], [[-0.48872085680536664, 0.47017801725875, 0.7349044788977814, 146.69605374817172], [0.2600224916363805, 0.8825715051802939, -0.3917343741878193, -78.61926984214242], [-0.8327906263030507, -0.0003570708650837815, -0.5535879739894525, 107.50723718304909], [0.0, 0.0, 0.0, 1.0]]]], ["pivot", [[[-0.48872085680536664, 0.47017801725875, 0.7349044788977813, 146.69605374817172], [0.26002249163638047, 0.8825715051802939, -0.39173437418781937, -78.61926984214242], [-0.8327906263030507, -0.0003570708650838014, -0.5535879739894524, 107.50723718304907], [0.0, 0.0, 0.0, 1.0]], [[-0.47356468070130575, 0.47018479983308514, 0.7447568628651753, 144.70465047758793], [0.25191375649887504, 0.8825678764220597, -0.3970055172199463, -77.55384532066313], [-0.8439644260217645, -0.00039329754623461697, -0.5363990043451539, 112.90961874876612], [0.0, 0.0, 0.0, 1.0]], [[-0.45820971123241083, 0.47019223581858033, 0.7542964669984045, 142.6160118071588], [0.24369866453815345, 0.8825638980810554, -0.4021093193070893, -76.43639869955118], [-0.8547834941983486, -0.00042935891823165566, -0.5189845777501338, 118.26456454822429], [0.0, 0.0, 0.0, 1.0]], [[-0.4426624023342161, 0.4702003220897735, 0.7635192816515861, 140.43101562461698], [0.23538066868676816, 0.8825595718294397, -0.4070436352408375, -75.26739965922306], [-0.8652432834080289, -0.000465239823912297, -0.5013520137621966, 123.56982381335445], [0.0, 0.0, 0.0, 1.0]], [[-0.42692928878554814, 0.4702090552478778, 0.7724214303304469, 138.15058031827544], [0.22696326512939827, 0.8825548994856048, -0.41180639105048, -74.04733954838916], [-0.8753393972366417, -0.0005009251819665942, -0.48350872362572944, 128.82316666012073], [0.0, 0.0, 0.0, 1.0]], [[-0.4110169834618549, 0.470218431622209, 0.7809991713216727, 135.7756643910142], [0.21844999183334732, 0.8825498830134101, -0.4163955848747285, -72.77673117753208], [-0.8850675921285135, -0.0005363999932764511, -0.4654622071566388, 134.0223850257755], [0.0, 0.0, 0.0, 1.0]], [[-0.3949321745557095, 0.47022844727172974, 0.7892488992656115, 133.30726605740645], [0.2098444270614801, 0.8825445245213583, -0.4208092878031314, -71.45610860336436], [-0.894423779170096, -0.000571649347219999, -0.44722004959005984, 139.16529359694317], [0.0, 0.0, 0.0, 1.0]], [[-0.37868162276565837, 0.47023909798670416, 0.7971671466716608, 130.74642282415323], [0.2011501878682226, 0.8825388262617074, -0.4250456446868242, -70.08602690435595], [-0.9034040258085995, -0.000606658427938468, -0.4287899183921627, 144.24973072814174], [0.0, 0.0, 0.0, 1.0]], [[-0.362272158454593, 0.4702503792904694, 0.80475058537571, 128.09421105400318], [0.1923709285792567, 0.8825327906295262, -0.42910287491827903, -68.66706194742605], [-0.9120045575049078, -0.0006414125205637, -0.4101795600373958, 149.2735593503565], [0.0, 0.0, 0.0, 1.0]], [[-0.3457106787788396, 0.47026228644131574, 0.8119960279390199, 125.35174551333998], [0.18351033925554977, 0.8825264201616857, -0.4329792731797213, -67.19981014589716], [-0.920221759320076, -0.0006758970174032764, -0.39139679675252065, 154.2346678692836], [0.0, 0.0, 0.0, 1.0]], [[-0.32900414478917756, 0.47027481443448, 0.818900428987953, 122.52017890362897], [0.1745721441423639, 0.882519717535794, -0.4366732101599019, -65.68488820881316], [-0.9280521774347461, -0.0007100974240799014, -0.3724495232288058, 159.1309710528667], [0.0, 0.0, 0.0, 1.0]], [[-0.31215957850499937, 0.4702879580042494, 0.8254608864939926, 119.60070137691827], [0.16556010010389696, 0.8825126855690704, -0.4401831332389223, -64.12293288172685], [-0.9354925206008424, -0.000743999365623995, -0.35334570330376547, 163.96041090775265], [0.0, 0.0, 0.0, 1.0]], [[-0.2951840599628444, 0.4703017116261746, 0.8316746429935106, 116.59454003559895], [0.15647799504421328, 0.8825053272171611, -0.44350756714082507, -62.51460067906563], [-0.9425396615249343, -0.0007775885925154739, -0.3340933666138316, 168.72095754429859], [0.0, 0.0, 0.0, 1.0]], [[-0.2780847242405494, 0.47031606951939153, 0.8375390867467727, 113.50295841663501], [0.14732964631512813, 0.8824976455728976, -0.4466451145536758, -60.860567608188234], [-0.9491906381826866, -0.0008108509866731401, -0.31470060521937204, 173.41061002976642], [0.0, 0.0, 0.0, 1.0]], [[-0.26086875845826174, 0.4703310256490515, 0.8430517528356943, 110.3272559604784], [0.13811889911171413, 0.8824896438649954, -0.4495944567168751, -59.161528885248146], [-0.9554426550638456, -0.0008437725673888497, -0.2951755702034695, 178.0273972293465], [0.0, 0.0, 0.0, 1.0]], [[-0.24354339875757214, 0.4703465737288561, 0.8482103241998913, 107.06876746489331], [0.12884962485612367, 0.882481325456703, -0.45235435397544776, -57.418198642986475], [-0.9612930843472369, -0.0008763394972249103, -0.27552646824589394, 182.5693786346567], [0.0, 0.0, 0.0, 1.0]]]], ["pivot", [[[-0.24354339875757194, 0.4703465737288559, 0.8482103241998912, 107.06876746489331], [0.1288496248561237, 0.882481325456703, -0.45235435397544776, -57.41819864298648], [-0.9612930843472369, -0.0008763394972249184, -0.27552646824589394, 182.5693786346567], [0.0, 0.0, 0.0, 1.0]], [[-0.22630850195750107, 0.4703625262724609, 0.8529616615794686, 103.76558592145084], [0.11962874933221317, 0.8824727906554465, -0.4548963761910406, -55.65095708660948], [-0.966681659873818, -0.000908185326580036, -0.25597996172371584, 187.04401217141964], [0.0, 0.0, 0.0, 1.0]], [[-0.20898081668634866, 0.47037904484234627, 0.8573625909728199, 100.38309068566093], [0.1103582308686425, 0.8824639530233725, -0.457250925951123, -53.84128175804566], [-0.9716728290521024, -0.0009396577976422922, -0.23632822090771757, 191.44177267857933], [0.0, 0.0, 0.0, 1.0]], [[-0.19156746641858882, 0.4703961226476678, 0.8614113031418555, 96.9226723136247], [0.10104188060928908, 0.882454816193665, -0.4594170352917204, -51.9899166214084], [-0.9762645399942775, -0.0009707439719643562, -0.21657932470006466, 195.76085222078711], [0.0, 0.0, 0.0, 1.0]], [[-0.17407560984588624, 0.47041375266767776, 0.8651061336462694, 93.38575339592785], [0.09168352853964837, 0.882445383922507, -0.46139381371739974, -50.09762277964276], [-0.9804549050312651, -0.0010014310699068938, -0.19674139194385798, 199.9994752087253], [0.0, 0.0, 0.0, 1.0]], [[-0.15651243793413427, 0.4704319276546107, 0.8684455635277949, 89.77378797280895], [0.08228702191231295, 0.8824356600875402, -0.4631804485673566, -48.165178161633534], [-0.9842422014887487, -0.0010317064758921218, -0.17682257808544713, 204.15589912905847], [0.0, 0.0, 0.0, 1.0]], [[-0.13888517096722106, 0.4704506401366632, 0.8714282199346546, 86.08826093639796], [0.07285622366535272, 0.8824256486862679, -0.46477620534950204, -46.19337720239562], [-0.9876248723953723, -0.0010615577435905948, -0.1568310718216973, 208.22841526078702], [0.0, 0.0, 0.0, 1.0]], [[-0.1212010555787455, 0.470469882421066, 0.8740528766859454, 82.33068742027186], [0.06339501083424724, 0.8824153538344142, -0.46618042804241583, -44.1830305164791], [-0.990601527122816, -0.0010909726010374056, -0.13677509173358615, 212.2153493777086], [0.0, 0.0, 0.0, 1.0]], [[-0.10346736177289935, 0.47048964659724574, 0.8763184547757253, 78.50261217657759], [0.05390727295802261, 0.8824047797642295, -0.4673925393650387, -42.13496456472259], [-0.9931709419574886, -0.0011199389556776952, -0.11666288290751493, 216.11506243669862], [0.0, 0.0, 0.0, 1.0]], [[-0.08569137993574194, 0.47050992454007795, 0.878224022816597, 74.60560894097884], [0.044396910480247055, 0.8823939308227531, -0.46841204101399486, -40.050021314492085], [-0.9953320606036012, -0.001148444899337813, -0.09650271354572403, 219.92595125152678], [0.0, 0.0, 0.0, 1.0]], [[-0.06788041783809697, 0.4705307079132261, 0.8797687974226037, 70.64127978568771], [0.03486783314554525, 0.8823828114700241, -0.4692385138684462, -37.92905789354527], [-0.9970839946174136, -0.0011764787131202615, -0.0763028715672043, 223.64644915193287], [0.0, 0.0, 0.0, 1.0]], [[-0.05004179763129907, 0.4705519881725704, 0.8809521435312837, 66.61125446084668], [0.02532395839228721, 0.882371426277249, -0.4698716181623947, -35.77294623766301], [-0.9984260237724775, -0.0012040288722223538, -0.056071661200504094, 227.2750266276904], [0.0, 0.0, 0.0, 1.0]], [[-0.03218285283703377, 0.4705737565697185, 0.8817735746647449, 62.517189724532855], [0.015769209742115903, 0.8823597799249217, -0.47031109362436097, -33.58257273219348], [-0.9993575963557226, -0.0012310840506733023, -0.03581739956982963, 230.8101919573941], [0.0, 0.0, 0.0, 1.0]], [[-0.014310925332497967, 0.47059600415560293, 0.8822327531296592, 58.360768661658376], [0.0062075151869728645, 0.8823478772009004, -0.47055675958438353, -31.358837847656005], [-0.9998783293942703, -0.0012576331259910197, -0.015548413275846381, 234.25049182171188], [0.0, 0.0, 0.0, 1.0]], [[0.0035666376678729367, 0.47061872178416053, 0.8823294901560886, 54.14369999204801], [-0.003357194425713552, 0.8823357229984378, -0.4706085150482918, -29.102655769554126], [-0.9999880088128736, -0.0012836651837537896, 0.0047269650274178645, 237.59451190084968], [0.0, 0.0, 0.0, 1.0]], [[0.021442486632869292, 0.4706419001160914, 0.8820637459750897, 49.86771736797864], [-0.012920987009014005, 0.8823233223141712, -0.47046633873922666, -26.81495402255081], [-0.9996865895219241, -0.0013091695220881691, 0.025000400058157072, 240.84087745598345], [0.0, 0.0, 0.0, 1.0]], [[0.03930927273592858, 0.4706655296226988, 0.8814356298350621, 45.53457866146789], [-0.022479930852993307, 0.882310680246067, -0.4701302891063859, -24.496673089159565], [-0.9989741954359891, -0.0013341356560674855, 0.04526355733345178, 243.9882538944194], [0.0, 0.0, 0.0, 1.0]], [[0.05715965087626342, 0.47068960058980663, 0.8804453999568369, 41.14606524160715], [-0.032030096241050444, 0.8822978019913248, -0.46960050430099654, -22.14876602310875], [-0.9978511194228699, -0.001358553322023683, 0.06550810659560471, 247.03534731824982], [0.0, 0.0, 0.0, 1.0]], [[0.07498628269846913, 0.47071410312174544, 0.879093463427514, 36.703981242230554], [-0.0415675570654203, 0.8822846928442369, -0.4688772021195143, -19.772198057541296], [-0.9963178231832027, -0.0013824124817862398, 0.08572572523674073, 249.9809050562793], [0.0, 0.0, 0.0, 1.0]]]], ["pivot", [[[0.07498628269846913, 0.4707141031217454, 0.8790934634275139, 36.70398124223055], [-0.04156755706542032, 0.882284692844237, -0.4688772021195143, -19.772198057541306], [-0.9963178231832026, -0.0013824124817861485, 0.08572572523674057, 249.9809050562793], [0.0, 0.0, 0.0, 1.0]], [[0.09277136667467044, 0.47073901234041177, 0.8773814914129401, 32.21219394232604], [-0.05108278929623935, 0.8822713661149048, -0.4679612766556211, -17.36903823286922], [-0.9943762020588639, -0.0014056897750763804, 0.10589622410865827, 252.89159229816147], [0.0, 0.0, 0.0, 1.0]], [[0.1105181094394597, 0.47076433232618164, 0.8753094968766596, 27.669325375569244], [-0.06057750852126755, 0.8822578196202691, -0.4668527348449652, -14.938549320665402], [-0.9920262707463215, -0.001428389864833979, 0.1260232399335097, 255.698458758068], [0.0, 0.0, 0.0, 1.0]], [[0.1282192238354583, 0.47079005268217683, 0.8728783306198853, 23.07724093205651], [-0.07004781602431921, 0.8822440589227833, -0.4655520318763517, -12.481729326898936], [-0.9892689941730287, -0.0014505034299610376, 0.14609850816755107, 258.40035188209663], [0.0, 0.0, 0.0, 1.0]], [[0.14586744144118166, 0.4708161628471194, 0.8700889909267175, 18.437826210879606], [-0.07948982311313585, 0.8822300896728578, -0.4640597018436907, -9.999587069592593], [-0.9861055045303176, -0.0014720213901979493, 0.16611378551560527, 260.9961622204399], [0.0, 0.0, 0.0, 1.0]], [[0.16345551555559537, 0.47084265209966825, 0.8669426231542278, 13.752986245861763], [-0.08889965271615888, 0.8822159176065373, -0.46237635752668804, -7.493141764582518], [-0.9825371008084984, -0.0014929349098523562, 0.18606085331591798, 263.48482388297623], [0.0, 0.0, 0.0, 1.0]], [[0.18097622417375137, 0.4708695095628219, 0.863440519262154, 9.024644723313855], [-0.09827344097453074, 0.8822015485431479, -0.4605026901392259, -4.963422607008411], [-0.9785652482634697, -0.0015132354014266952, 0.2059315209149011, 265.8653149771781], [0.0, 0.0, 0.0, 1.0]], [[0.19842237295228266, 0.4708967242083841, 0.8595841172823967, 4.254743192131656], [-0.10760733882867005, 0.8821869883829067, -0.45843946904553684, -2.4114683487061015], [-0.9741915778150555, -0.0015329145291447296, 0.225717629030373, 268.13665802939045], [0.0, 0.0, 0.0, 1.0]], [[0.21578679816354154, 0.4709242848614924, 0.8553750007285338, -0.5547597334423529], [-0.11689751359877053, 0.8821722431044976, -0.45618754144428786, 0.16167312832435243], [-0.9694178853773167, -0.0015519642123742272, 0.24541105310191927, 270.29792039699413], [0.0, 0.0, 0.0, 1.0]], [[0.23306236963716415, 0.47095218020520724, 0.8508148979456012, -5.401889178063428], [-0.12614015055857372, 0.8821573187626184, -0.45374783202070457, 2.754945242199156], [-0.9642461311211161, -0.0015703766289451313, 0.26500370662699446, 272.3482147142304], [0.0, 0.0, 0.0, 1.0]], [[0.25024199368785816, 0.4709803987851587, 0.8459056814003991, -10.284654816207272], [-0.13533145450176956, 0.8821422214854945, -0.4511213425668773, 5.3672831450038885], [-0.9586784386692333, -0.0015881442183614965, 0.28448754448139746, 274.2866995857643], [0.0, 0.0, 0.0, 1.0]], [[0.26731861602820745, 0.4710089290142495, 0.8406493669126222, -15.20105168943605], [-0.14446765130038208, 0.8821269574723608, -0.44830915157040563, 7.997614160040811], [-0.9527170942243629, -0.0016052596849059665, 0.30385456622275536, 276.1125814793159], [0.0, 0.0, 0.0, 1.0]], [[0.2842852246652986, 0.4710377591774132, 0.835048112827123, -20.14906102967342], [-0.15354498945449951, 0.8821115329909177, -0.4453124137715503, 10.644858222290715], [-0.9463645456303563, -0.001621716000635309, 0.3230968193756617, 277.8251215606286], [0.0, 0.0, 0.0, 1.0]], [[0.30113485277999086, 0.47106687743642545, 0.8291042191276582, -25.126651088151384], [-0.1625597416327015, 0.8820959543747622, -0.44213235968907993, 13.307928321905052], [-0.9396234013670891, -0.0016375064082808726, 0.34220640269711566, 279.42366043162116], [0.0, 0.0, 0.0, 1.0]]]], ["pivot", [[[0.30113485277999097, 0.4710668774364255, 0.8291042191276583, -25.126651088151384], [-0.16255974163270145, 0.8820959543747621, -0.4421323596890799, 13.307928321905045], [-0.9396234013670891, -0.0016375064082808418, 0.34220640269711544, 279.4236604316211], [0.0, 0.0, 0.0, 1.0]], [[0.3191390070186438, 0.47109853899517135, 0.822323821777751, -30.518054024194043], [-0.17219217906901213, 0.8820790150628837, -0.43850476616813444, 16.192393250775048], [-0.9319335559715193, -0.0016537568060786918, 0.36262536365669923, 281.1248996821217], [0.0, 0.0, 0.0, 1.0]], [[0.33699094247852823, 0.4711305056339489, 0.8151522292213739, -35.9408989191472], [-0.18174317764162035, 0.8820619125295464, -0.4346678785419643, 19.093680002990183], [-0.9238000468975838, -0.0016692199032980696, 0.38287169031024504, 282.69269349006873], [0.0, 0.0, 0.0, 1.0]], [[0.35468216042569317, 0.47116276213446656, 0.8075928556237462, -41.39260413047003], [-0.19120819042641177, 0.8820446549167182, -0.43062352342971744, 22.01040736897357], [-0.9152267462481066, -0.0016838883384543174, 0.40293574403094423, 284.1272204196261], [0.0, 0.0, 0.0, 1.0]], [[0.37220423863864144, 0.47119529314043895, 0.7996492997602043, -46.870574276150705], [-0.20058271143434764, 0.8820272504401949, -0.4263736262191577, 24.941186788367382], [-0.9062177354965762, -0.0016977551283758967, 0.42280797296628586, 285.4305523456088], [0.0, 0.0, 0.0, 1.0]], [[0.3895488354178784, 0.4712280831648973, 0.7913253433029407, -52.37220147028438], [-0.20986227775662228, 0.8820097073856897, -0.42192021015005066, 27.884623011081775], [-0.8967773035440876, -0.0017108136715287875, 0.4424789165853873, 286.6092343077748], [0.0, 0.0, 0.0, 1.0]], [[0.4067076935571288, 0.4712611165975626, 0.7826249490206704, -57.8948665646043], [-0.21904247168931057, 0.8819920341048881, -0.4172653953509632, 30.83931476152877], [-0.886909944677533, -0.0017230577511594151, 0.46193921018284967, 287.67883934018914], [0.0, 0.0, 0.0, 1.0]], [[0.4236726442743266, 0.47129437771227706, 0.7735522588920849, -63.43594039537395], [-0.22811892283649515, 0.8819742390114723, -0.41241139782993863, 33.803855405724605], [-0.8766203564300173, -0.0017344815382542126, 0.48117958933699373, 288.66986357990254], [0.0, 0.0, 0.0, 1.0]], [[0.4404356111005107, 0.4713278506744905, 0.7641115921339882, -68.99278503504787], [-0.23708731019087173, 0.8819563305771156, -0.40736052841952636, 36.77683362094304], [-0.8659134373445125, -0.00174507959431441, 0.5001908943203541, 289.6314179678161], [0.0, 0.0, 0.0, 1.0]], [[0.4569886137247732, 0.47136151954879935, 0.7543074431450563, -74.56275504810421], [-0.2459433641908421, 0.8819383173274495, -0.4021151916766684, 39.75683406760091], [-0.854794284641818, -0.0017548468739453926, 0.5189640744603314, 290.62557154872104], [0.0, 0.0, 0.0, 1.0]], [[0.4733237717934316, 0.47139536830653134, 0.7441444793661967, -80.14319875045284], [-0.25468286875310986, 0.8819202078380045, -0.39667788473797, 42.742438063054045], [-0.843268191793938, -0.0017637787272657387, 0.5374901924479273, 291.70481643245677], [0.0, 0.0, 0.0, 1.0]]]], ["pivot", [[[0.4733237717934315, 0.47139536830653134, 0.7441444793661968, -80.14319875045284], [-0.25468286875310986, 0.8819202078380045, -0.39667788473796994, 42.742438063054045], [-0.8432681917939381, -0.0017637787272657707, 0.5374901924479273, 291.7048164324568], [0.0, 0.0, 0.0, 1.0]], [[0.4893086121059179, 0.4714291147317064, 0.7337108849675661, -85.6728899542673], [-0.26323494880606707, 0.8819021530977068, -0.39109578686480373, 45.700888846718925], [-0.8314351706916292, -0.0017718109910972656, 0.5556190068935005, 292.7853420881771], [0.0, 0.0, 0.0, 1.0]], [[0.5050638435478882, 0.47146300656484613, 0.7229337014304122, -91.20983047147371], [-0.27166418536551756, 0.8818840205624295, -0.385329864708221, 48.66321809672845], [-0.819212477248676, -0.0017790128611331539, 0.5734874169605273, 293.94705303824435], [0.0, 0.0, 0.0, 1.0]], [[0.5205820820464413, 0.4714970279217178, 0.7118179797442562, -96.75142528005789], [-0.2799666278644715, 0.8818658187304281, -0.37938282060805806, 51.62803744533818], [-0.8066058399280194, -0.001785380962041606, 0.5910870481834815, 295.0953311626227], [0.0, 0.0, 0.0, 1.0]], [[0.5358560546011899, 0.4715311628573838, 0.7003689295627664, -102.29507717665868], [-0.2881383851610626, 0.8818475561324334, -0.3732574417913599, 54.593957357758335], [-0.7936211671372476, -0.001790912309257061, 0.6084096520665874, 296.04555211918483], [0.0, 0.0, 0.0, 1.0]], [[0.5508786026929304, 0.4715653953736755, 0.6885919167621287, -107.83818799381055], [-0.2961756273622276, 0.8818292413276573, -0.36695659906608025, 57.559587783393084], [-0.7802645444594798, -0.0017956043103789234, 0.6254471099496796, 296.57278649005445], [0.0, 0.0, 0.0, 1.0]], [[0.565642685638656, 0.47159970942669016, 0.6764924609261966, -113.37815981763801], [-0.3040745876186785, 0.8818108828997788, -0.36048324547560634, 60.52353880732166], [-0.7665422318012065, -0.0017994547663866447, 0.6421914368132084, 296.5002408497805], [0.0, 0.0, 0.0, 1.0]], [[0.5801413838913457, 0.4716340889343114, 0.6640762327596053, -118.91239620543122], [-0.3118315638903283, 0.8817924894529225, -0.3538404149147435, 63.48442130171578], [-0.7524606604584336, -0.001802461872670215, 0.658634785020616, 295.7800772807509], [0.0, 0.0, 0.0, 1.0]], [[0.5943679022829775, 0.4716685177837457, 0.6513490514300564, -124.43830340253214], [-0.319442920681342, 0.8817740696076249, -0.34703122070780645, 66.44084757688825], [-0.7380264301024988, -0.0018046242198760589, 0.6747694479963212, 294.5165705012555], [0.0, 0.0, 0.0, 1.0]], [[0.6083155732092496, 0.4717029798390743, 0.6383168818410244, -129.95329155796077], [-0.3269050907440006, 0.8817556319967951, -0.3400588541494841, 69.39143203166755], [-0.7232463056869738, -0.00180594079456747, 0.6905878638375936, 292.9164574500437], [0.0, 0.0, 0.0, 1.0]], [[0.6219778636263399, 0.4717374624942779, 0.6249858373467737, -135.4547758679855], [-0.3342145759540586, 0.8817371833638901, -0.3329265823743649, 72.33479173129257], [-0.7081272246968864, -0.0018064114388298203, 0.7060826278181846, 291.19856052890805], [0.0, 0.0, 0.0, 1.0]]]], ["closeGripper", 0], ["pivot", [[[0.6219778636263399, 0.47173746249427795, 0.6249858373467739, -135.4547758679855], [-0.3342145759540586, 0.8817371833638902, -0.33292658237436495, 72.33479173129257], [-0.7081272246968864, -0.0018064114388298203, 0.7060826278181846, 291.19856052890805], [0.0, 0.0, 0.0, 1.0]], [[0.6093449751119329, 0.47173759570753315, 0.6373171045488066, -130.36717751644346], [-0.3286895856981859, 0.8817371247504816, -0.33838794074970496, 70.09771821251441], [-0.7215745590963396, -0.0018064084193042196, 0.6923355330035501, 291.88596072044936], [0.0, 0.0, 0.0, 1.0]]]]]