[["init", [[[0.3315667756869427, 0.881925224839275, 0.335069115010759, -30.546737514994646], [-0.6203303690561475, 0.4713892638220219, -0.6268830282431432, 57.15053758076081], [-0.7108119527736927, 2.0003483318762154e-09, 0.7033820410519132, 51.310805650073306], [0.0, 0.0, 0.0, 1.0]]]], ["setGripper", 84.6386644085], ["fingerGait", [[[0.33156677568694265, 0.881925224839275, 0.3350691150107591, -30.546737514994643], [-0.6203303690561475, 0.47138926382202184, -0.6268830282431433, 57.15053758076081], [-0.7108119527736927, 2.0003482823437677e-09, 0.7033820410519133, 51.31080565007331], [0.0, 0.0, 0.0, 1.0]], [[0.318806277827223, 0.8819252248510935, 0.3472324808692785, -29.80045214936424], [-0.5964566706808078, 0.4713892637999103, -0.64963954458903, 55.75429709908372], [-0.7366151794797872, 1.0151173050013107e-09, 0.6763120620248217, 51.45829922954175], [0.0, 0.0, 0.0, 1.0]], [[0.3055999005543928, 0.8819252248455383, 0.3589102106984781, -29.054166783733837], [-0.5717487737591056, 0.4713892638103035, -0.6714874813342661, 54.35805661740663], [-0.7613881832866374, 2.963783014369674e-11, 0.648296199458071, 51.60579280901019], [0.0, 0.0, 0.0, 1.0]], [[0.29196611418057916, 0.881925224822617, 0.3700859721378306, -28.307881418103435], [-0.5462412345178334, 0.47138926385318686, -0.6923962821648315, 52.96181613572954], [-0.785096316909588, -9.547118601219222e-10, 0.6193736360673617, 51.75328638847863], [0.0, 0.0, 0.0, 1.0]], [[0.2779239867881635, 0.8819252247823618, 0.38074413487496656, -27.561596052473032], [-0.5199697275558343, 0.47138926392850033, -0.7123367042331562, 51.56557565405245], [-0.8077064223811724, -1.936555063794249e-09, 0.5895848226714389, 51.90077996794707], [0.0, 0.0, 0.0, 1.0]], [[0.263493157561345, 0.881925224724829, 0.390869792506079, -26.81531068684263], [-0.4929709959498515, 0.4713892640361387, -0.731280859056885, 50.16933517237536], [-0.8291868774255263, -2.9145185844200084e-09, 0.558971421617966, 52.048273547415505], [0.0, 0.0, 0.0, 1.0]], [[0.24869380931896687, 0.881925224650099, 0.40044878338387624, -26.069025321212226], [-0.46528279986601523, 0.4713892641759513, -0.749202251523441, 48.77309469069827], [-0.8495076396849991, -3.887234651633287e-09, 0.527576248514967, 52.19576712688394], [0.0, 0.0, 0.0, 1.0]], [[0.23354664028701996, 0.8819252245582765, 0.40946771042392555, -25.322739955581824], [-0.43694386374883715, 0.47138926434774264, -0.7660758169458347, 47.37685420902118], [-0.8686402887371055, -4.853342834106002e-09, 0.4954432123493288, 52.34326070635238], [0.0, 0.0, 0.0, 1.0]], [[0.21807283515030326, 0.8819252244494897, 0.41791395984168633, -24.57645458995142], [-0.40799382216157565, 0.47138926455127245, -0.7818779561178939, 45.98061372734409], [-0.8865580658430553, -5.81149194223406e-09, 0.4626172540761149, 52.49075428582082], [0.0, 0.0, 0.0, 1.0]], [[0.20229403542372767, 0.8819252243238909, 0.4257757187940278, -23.83016922432102], [-0.378473164353717, 0.4713892647862561, -0.7965865683198865, 44.584373245667], [-0.9032359113722676, -6.760341917898129e-09, 0.42914428376457825, 52.63824786528926], [0.0, 0.0, 0.0, 1.0]], [[0.18623230918470152, 0.8819252241816555, 0.43304199190055787, -23.083883858690616], [-0.3484231776331005, 0.4713892650523649, -0.8101810822283744, 43.18813276398991], [-0.9186504998505287, -7.698565708656029e-09, 0.39507111638878034, 52.7857414447577], [0.0, 0.0, 0.0, 1.0]], [[0.16991012020892993, 0.8819252240229828, 0.439702616621656, -22.337598493060213], [-0.3178858896218877, 0.47138926534922676, -0.822642484687068, 41.79189228231282], [-0.9327802725827763, -8.624851123745498e-09, 0.3604454063526192, 52.933235024226136], [0.0, 0.0, 0.0, 1.0]], [[0.1533502965527944, 0.8819252238480945, 0.44574827747170354, -21.59131312742981], [-0.2869040094771342, 0.4713892656764264, -0.8339533472984442, 40.39565180063573], [-0.9456054678048826, -9.537902669301567e-09, 0.32531558084083867, 53.080728603694574], [0.0, 0.0, 0.0, 1.0]], [[0.13657599862625286, 0.8819252236572351, 0.45117051904763206, -20.845027761799408], [-0.2555208681581739, 0.4713892660335063, -0.8440978507989347, 38.99941131895864], [-0.9571081483222673, -1.0436443360221798e-08, 0.28973077208923426, 53.22822218316301], [0.0, 0.0, 0.0, 1.0]], [[0.11961068680091332, 0.8819252234506718, 0.4559617578545689, -20.098742396169005], [-0.22378035782435637, 0.47138926641996687, -0.8530618071835965, 37.60317083728155], [-0.9672722265966854, -1.1319216506145371e-08, 0.2537407486687809, 53.37571576263145], [0.0, 0.0, 0.0, 1.0]], [[0.10247808859858384, 0.8819252232286933, 0.46011529291203984, -19.352457030538602], [-0.19172687044789521, 0.4713892668352678, -0.8608326795493184, 36.20693035560446], [-0.9760834872461033, -1.2184987469048111e-08, 0.21739584587978858, 53.52320934209989], [0.0, 0.0, 0.0, 1.0]], [[0.08520216550618907, 0.88192522299161, 0.46362531512589616, -18.6061716649082], [-0.15940523572768311, 0.47138926727882813, -0.8673995996288135, 34.81068987392737], [-0.9835296069261954, -1.3032545389995355e-08, 0.1807468953534362, 53.67070292156833], [0.0, 0.0, 0.0, 1.0]], [[0.06780707946346524, 0.8819252227397537, 0.4664869154128576, -17.859886299277797], [-0.1268606583909065, 0.4713892677500276, -0.8727533829908728, 33.41444939225028], [-0.9896001715656547, -1.3860704882637594e-08, 0.1438451539591412, 53.818196501036766], [0.0, 0.0, 0.0, 1.0]], [[0.05031715907030379, 0.8819252224734765, 0.46869609156630904, -17.113600933647394], [-0.09413865497014924, 0.47138926824820715, -0.8768865418856224, 32.01820891057319], [-0.9942866909312127, -1.4668307691080414e-08, 0.10674223211719551, 53.965690080505205], [0.0, 0.0, 0.0, 1.0]], [[0.032756865561005814, 0.8819252221931508, 0.4702497538537481, -16.36731556801699], [-0.061284990144408386, 0.47138926877267, -0.8797932957168186, 30.621968428896103], [-0.9975826105019978, -1.5454224309810042e-08, 0.06949002161692863, 54.11318365997364], [0.0, 0.0, 0.0, 1.0]], [[0.015150758593035205, 0.8819252218991688, 0.47114572933805543, -15.621030202386589], [-0.02834561273305453, 0.4713892693226827, -0.881469579126534, 29.225727947219013], [-0.9994833206366255, -1.6217355563408885e-08, 0.032140623041350444, 54.26067723944208], [0.0, 0.0, 0.0, 1.0]], [[-0.002476560026968578, 0.881925224839275, 0.4713827669620515, -14.874744836756177], [0.004633412518151298, 0.4713892638220219, -0.8819130659103391, 27.829487465541916], [-0.9999861548292969, 2.000348331848626e-09, -0.005253741052001736, 54.4081708189105], [0.0, 0.0, 0.0, 1.0]]]], ["closeGripper", 0], ["pivot", [[[-0.002476560026968613, 0.8819252248392752, 0.4713827669620515, -14.874744836756179], [0.004633412518151292, 0.47138926382202184, -0.881913065910339, 27.829487465541916], [-0.9999861548292969, 2.0003483379275892e-09, -0.005253741052001704, 54.4081708189105], [0.0, 0.0, 0.0, 1.0]], [[-0.011940385777339056, 0.8819252248245472, 0.4712380221754058, -14.345987004567728], [0.02233934531793865, 0.47138926384957647, -0.8816422618792533, 26.84023101133562], [-0.9996790949141484, 2.013235217729052e-09, -0.025330196863777833, 56.14640396753994], [0.0, 0.0, 0.0, 1.0]], [[-0.02139939766173191, 0.8819252248099441, 0.4709032938334342, -13.800884327816998], [0.040036271823257925, 0.4713892638768973, -0.8810160163858822, 25.820394881816103], [-0.9989690059989639, 2.0267466999923594e-09, -0.045396440594532496, 57.86176544473675], [0.0, 0.0, 0.0, 1.0]], [[-0.030849782200281256, 0.8819252247954718, 0.47037871688467137, -13.239656569213668], [0.057717057369965796, 0.4713892639039734, -0.880034581906342, 24.770390232460763], [-0.9978561743620366, 2.040877607478495e-09, -0.06544438237003862, 59.553563688154185], [0.0, 0.0, 0.0, 1.0]], [[-0.040287729391307585, 0.8819252247811362, 0.469664502816708, -12.662529992429274], [0.07537457380128204, 0.47138926393079383, -0.8786983541141631, 23.69064038143839], [-0.9963410486507622, 2.0556220451928173e-09, -0.08546593969465571, 61.22111663516061], [0.0, 0.0, 0.0, 1.0]], [[-0.04970943424735215, 0.8819252247669431, 0.4687609395709274, -12.06973727087701], [0.09300170234156475, 0.4713892639573477, -0.8770078717207715, 22.581580638945], [-0.9944242397007609, 2.070974070485564e-09, -0.10545304070985557, 62.863751997818625], [0.0, 0.0, 0.0, 1.0]], [[-0.05911109832918987, 0.8819252247528985, 0.46766839142642014, -11.461517393907581], [0.11059133646630494, 0.47138926398362463, -0.8749638162583033, 21.443658131704844], [-0.9921065202896157, 2.0869275905953436e-09, -0.12539762744845978, 64.48080753392374], [0.0, 0.0, 0.0, 1.0]], [[-0.06848893127720125, 0.8819252247390073, 0.46638729885312136, -10.838115570458605], [0.12813638476718148, 0.4713892640096136, -0.8725670118048382, 20.277331622707493], [-0.9893888248253192, 2.103476020543224e-09, -0.14529165908327668, 66.07163131399273], [0.0, 0.0, 0.0, 1.0]], [[-0.07783915233948845, 0.8819252247252757, 0.4649181783342318, -10.199783130196554], [0.14562977381102118, 0.4713892640353043, -0.869818424652166, 19.083071326253723], [-0.9862722489695598, 2.120612781241947e-09, -0.16512711516882794, 67.63558198409453], [0.0, 0.0, 0.0, 1.0]], [[-0.08715799189611635, 0.8819252247117088, 0.4632616221579936, -9.546777422191163], [0.16306445099151337, 0.4713892640606864, -0.8667191629162185, 17.861358718384725], [-0.9827580491959976, 2.138330904773759e-09, -0.18489599887485872, 69.17202902441745], [0.0, 0.0, 0.0, 1.0]], [[-0.09644169297886682, 0.8819252246983124, 0.46141829817890373, -8.879361711162915], [0.1804333873725267, 0.47138926408574955, -0.863270476090323, 16.61268634277095], [-0.9788476422837048, 2.1566233706345657e-09, -0.20459034021032654, 70.68035300346854], [0.0, 0.0, 0.0, 1.0]], [[-0.10568651278589164, 0.8819252246850919, 0.4593889495484635, -8.19780507134574], [0.1977295805218837, 0.4713892641104838, -0.8594737545414584, 15.337557612139044], [-0.9745426047459798, 2.1754828796198956e-09, -0.22420219923656978, 72.15994582780247], [0.0, 0.0, 0.0, 1.0]], [[-0.1148887241906544, 0.8819252246720527, 0.4571743944155702, -7.5023822780074445], [0.21494605733445005, 0.47138926413487914, -0.8553305289497165, 14.03648660531671], [-0.9698446721947638, 2.194901431773518e-09, -0.24372366926836073, 73.61021098717966], [0.0, 0.0, 0.0, 1.0]], [[-0.12404461724455354, 0.8819252246591999, 0.4547755255966739, -6.793373696671723], [0.23207587684340036, 0.4713892641589258, -0.8508424696911968, 12.70999785997761], [-0.9647557386409122, 2.2148716044840736e-09, -0.263146880061552, 75.03056379505422], [0.0, 0.0, 0.0, 1.0]], [[-0.13315050067261797, 0.8819252246465387, 0.4521933102158309, -6.0710651700865315], [0.24911213301852675, 0.471389264182614, -0.8460113861645797, 11.358626161169601], [-0.9592778557306106, 2.2353852014115053e-09, -0.282464000986031, 76.42043162429533], [0.0, 0.0, 0.0, 1.0]], [[-0.14220270336167615, 0.8819252246340739, 0.4494287893147997, -5.33574790298415], [0.2660479575504634, 0.471389264205934, -0.8408392260616521, 9.982916325711583], [-0.9534132319182348, 2.2564338567790626e-09, -0.30166724418270446, 77.77925413804667], [0.0, 0.0, 0.0, 1.0]], [[-0.1511975758403967, 0.881925224621811, 0.446483077433336, -4.587718344679518], [0.28287652261970214, 0.47138926422887667, -0.8353280745820796, 8.583422982546173], [-0.9471642315759945, 2.2780092022656583e-09, -0.32074886770323857, 79.10648351563083], [0.0, 0.0, 0.0, 1.0]], [[-0.16013149175060196, 0.8819252246097546, 0.44335736215985705, -3.8272780695542945], [0.2995910436492861, 0.47138926425143274, -0.8294801535927403, 7.160710349136236], [-0.9405333740407168, 2.3001025281007162e-09, -0.33970117863129107, 80.4015846734079], [0.0, 0.0, 0.0, 1.0]], [[-0.16900084930926582, 0.88192522459791, 0.4400529036526551, -3.0547336554745304], [0.3161847820400678, 0.471389264273593, -0.8232978207319612, 5.715352003996054], [-0.9335233325981549, 2.322704808064063e-09, -0.3585165361839741, 81.66403548049888], [0.0, 0.0, 0.0, 1.0]], [[-0.17780207276060248, 0.8819252245862818, 0.43657103413185405, -2.2703965601912834], [0.3326510478874324, 0.4713892642953486, -0.8167835684590158, 4.2479306554481955], [-0.9261369334052291, 2.3458072468941735e-09, -0.3771873547923001, 82.89332696928703], [0.0, 0.0, 0.0, 1.0]], [[-0.18653161381766165, 0.8819252245748744, 0.4329131573423141, -1.4745829957738295], [0.34898320267838834, 0.4713892643166907, -0.8099400230492685, 2.759037906699877], [-0.9183771543506402, 2.3694000767159127e-09, -0.39570610715936777, 84.08896354061264], [0.0, 0.0, 0.0, 1.0]], [[-0.19518595309285086, 0.8819252245636926, 0.42908074798769996, -0.6676138011261052], [0.36517466196794013, 0.4713892643376108, -0.8027699435353706, 1.2492740173331676], [-0.9102471238543065, 2.3934741208234146e-09, -0.4140653272950543, 85.25046316357778], [0.0, 0.0, 0.0, 1.0]], [[-0.2037616015168063, 0.8819252245527409, 0.4250753511359416, 0.1501856873622458], [0.3812188980336616, 0.4713892643581003, -0.7952762205949315, -0.2807523386947537], [-0.901750119606117, 2.4180196685560825e-09, -0.4322576135259926, 86.37735756988118], [0.0, 0.0, 0.0, 1.0]], [[-0.2122551017450392, 0.8819252245420236, 0.4208985815963274, 0.9784857669778386], [0.39710944250740277, 0.47138926437815104, -0.7874618753851194, -1.830424318443562], [-0.8928895672445015, 2.443026578678277e-09, -0.45027563147961697, 87.46919244260452], [0.0, 0.0, 0.0, 1.0]], [[-0.2206630295517946, 0.8819252245315454, 0.4165521232684804, 1.8169525016060781], [0.4128398889830661, 0.471389264397755, -0.7793300583246554, -3.3991171586751605], [-0.8836690389753573, 2.4684849478810822e-09, -0.4681121170410776, 88.52552759937407], [0.0, 0.0, 0.0, 1.0]], [[-0.22898199521055557, 0.8819252245213104, 0.4120377284634798, 2.6652478563602084], [0.4284038955994028, 0.4713892644169045, -0.7708840478236965, -4.986198427732269], [-0.874092252131884, 2.494384671393635e-09, -0.48575987928182907, 89.54593716982393], [0.0, 0.0, 0.0, 1.0]], [[-0.23720864486064036, 0.8819252245113222, 0.40735721719740164, 3.5230298338629975], [0.4437951875967873, 0.4713892644355911, -0.7621272489621163, -6.591028280508485], [-0.8641630676759082, 2.5207148721083217e-09, -0.503211803358713, 90.53000976728922], [0.0, 0.0, 0.0, 1.0]], [[-0.2453396618593395, 0.8819252245015854, 0.40251247645756527, 4.389952612125763], [0.4590075598469397, 0.47138926445380785, -0.7530631921167197, -8.212959716407232], [-0.8538854886413069, 2.5474653731918087e-09, -0.5204608533823675, 91.47734865466006], [0.0, 0.0, 0.0, 1.0]], [[-0.25337176811904744, 0.8819252244921036, 0.39750545944177756, 5.265666683969416], [0.4740348793545744, 0.4713892644715473, -0.7436955315379407, -9.851338840185486], [-0.8432636585201487, 2.5746250208465254e-09, -0.5375000752538043, 92.38757190432948], [0.0, 0.0, 0.0, 1.0]], [[-0.261301725428852, 0.8819252244828808, 0.3923381847708852, 6.14981899793128], [0.48887108772996857, 0.4713892644888021, -0.7340280438766017, -11.505505125577026], [-0.8323018595922111, 2.6021831574293198e-09, -0.5543225994680117, 93.26031255217067], [0.0, 0.0, 0.0, 1.0]], [[-0.2691263367600456, 0.8819252244739209, 0.387012735674951, 7.042053100600656], [0.5035102036314538, 0.4713892645055657, -0.7240646266613244, -13.174791681589282], [-0.8210045111985441, 2.6301285966298688e-09, -0.5709216438834545, 94.09521874548179], [0.0, 0.0, 0.0, 1.0]], [[-0.2768424475550339, 0.8819252244652268, 0.38153125915338143, 7.942009280326064], [0.5179463251768428, 0.47138926452183083, -0.7138092967272087, -14.858525521365914], [-0.8093761679597741, 2.6584499517821185e-09, -0.5872905164563487, 94.89195388483806], [0.0, 0.0, 0.0, 1.0]], [[-0.284446946999123, 0.881925224456803, 0.3758959651093474, 8.849324712235942], [0.5321736323228232, 0.47138926453759133, -0.7032661885964124, -16.55602783350708], [-0.797421517939873, 2.6871359943611646e-09, -0.603422617938618, 95.650196759795], [0.0, 0.0, 0.0, 1.0]], [[-0.29193676927466966, 0.8819252244486523, 0.37010912545884145, 9.763633604514617], [0.5461863892113566, 0.4713892645528406, -0.6924395528112832, -18.26661425573805], [-0.7851453807561232, 2.7161750116440487e-09, -0.619311444538433, 96.36964167838676], [0.0, 0.0, 0.0, 1.0]], [[-0.2993088947970914, 0.8819252244407778, 0.36417307321473713, 10.68456734587425], [0.5599789464821382, 0.47138926456757263, -0.6813337542207175, -19.989595150815504], [-0.7725527056360506, 2.7455553267638398e-09, -0.6349505905422719, 97.04999859036863], [0.0, 0.0, 0.0, 1.0]], [[-0.3065603514322384, 0.8819252244331831, 0.3580902015462146, 11.611754654163665], [0.5735457435501834, 0.47138926458178165, -0.6699532702204352, -21.724275884560573], [-0.7596485694221013, 2.7752651840360443e-09, -0.6503337508974358, 97.69099320415319], [0.0, 0.0, 0.0, 1.0]], [[-0.3136882156946322, 0.8819252244258712, 0.351862962813935, 12.544821726053717], [0.5868813108476235, 0.4713892645954615, -0.6583026889478792, -23.469957105906424], [-0.7464381745248703, 2.8052922639237863e-09, -0.6654547237539838, 98.29236709739311], [0.0, 0.0, 0.0, 1.0]], [[-0.32068961392609574, 0.8819252244188451, 0.34549386758134976, 13.483392387739434], [0.5999802720288095, 0.4713892646086071, -0.6463867074324704, -25.225935028847545], [-0.732926846825705, 2.8356250179627015e-09, -0.6803074129650618, 98.85387782116648], [0.0, 0.0, 0.0, 1.0]], [[-0.32756172345429074, 0.8819252244121074, 0.3389854836025474, 14.427088246597396], [0.6128373461378294, 0.4713892646212127, -0.6342101297019604, -26.991501716176902], [-0.719120033529533, 2.866250679393536e-09, -0.6948858305446142, 99.37529899772206], [0.0, 0.0, 0.0, 1.0]], [[-0.3343017737307028, 0.8819252244056608, 0.33234043478704034, 15.375528843738113], [0.6254473497375698, 0.47138926463327363, -0.6217778648456473, -28.765945364896815], [-0.7050233009687751, 2.8971574226221357e-09, -0.70918409908149, 99.85642041174522], [0.0, 0.0, 0.0, 1.0]], [[-0.3409070474476108, 0.881925224399508, 0.325561400141915, 16.328331807391052], [0.6378051989994636, 0.47138926464478476, -0.609094925035236, -30.548550593188253], [-0.6906423323592321, 2.9283323265294502e-09, -0.7231964541089723, 100.29704809510827], [0.0, 0.0, 0.0, 1.0]], [[-0.34737488163359304, 0.8819252243936516, 0.31865111269176727, 17.285113007061128], [0.6499059117530762, 0.4713892646557418, -0.5961664235041383, -32.33859872882301], [-0.6759829255088484, 2.9597630220979426e-09, -0.7369172464287698, 100.69700440507012], [0.0, 0.0, 0.0, 1.0]], [[-0.353702668727125, 0.8819252243880938, 0.3116123583768603, 18.24548670839407], [0.6617446094947098, 0.4713892646661398, -0.5829975724860302, -34.13536809890248], [-0.6610509904802767, 2.991436945515024e-09, -0.7503409443885385, 101.05612809589451], [0.0, 0.0, 0.0, 1.0]], [[-0.3598878576278411, 0.8819252243828369, 0.3044479749299499, 19.209065728688486], [0.6733165193542139, 0.47138926467597486, -0.5695936811134973, -35.93813432080607], [-0.6458525472081883, 3.0233410732144177e-09, -0.7634621361120145, 101.37427438385762], [0.0, 0.0, 0.0, 1.0]], [[-0.36592795472503115, 0.8819252243778832, 0.29716085073222925, 20.17546159299174], [0.6846169760192069, 0.4713892646852432, -0.5559601532776118, -37.746170594232176], [-0.6303937230722841, 3.0554629015098253e-09, -0.7762755316808567, 101.65131500561884], [0.0, 0.0, 0.0, 1.0]], [[-0.37182052490296086, 0.881925224373234, 0.2897539236488523, 21.144284690717022], [0.6956414236159358, 0.4713892646939407, -0.5421024854493101, -39.55874799421374], [-0.6146807504269922, 3.0877889429822123e-09, -0.788775965267321, 101.88713826993106], [0.0, 0.0, 0.0, 1.0]], [[-0.3775631925226092, 0.8819252243688921, 0.28223017984451026, 22.115144432717994], [0.7063854175460159, 0.4713892647020642, -0.5280262644634435, -41.37513576499051], [-0.5987199640888398, 3.120306592976191e-09, -0.8009583972169086, 102.0816491026701], [0.0, 0.0, 0.0, 1.0]], [[-0.3831536423794271, 0.881925224364859, 0.27459265257953414, 23.08764940875811], [0.7168446262783065, 0.4713892647096101, -0.5137371652663997, -43.19460161461934], [-0.5825177987825207, 3.1530025341407016e-09, -0.8128179160801438, 102.23476908516466], [0.0, 0.0, 0.0, 1.0]], [[-0.38858962063673114, 0.8819252243611357, 0.26684442098700956, 24.061407545310956], [0.7270148330952049, 0.4713892647165758, -0.49924094862819907, -45.01641201020385], [-0.5660807865466808, 3.1858638411704905e-09, -0.824349740592666, 102.34643648581127], [0.0, 0.0, 0.0, 1.0]], [[-0.39386893573435744, 0.8819252243577246, 0.25898860883139907, 25.036026263627992], [0.7368919377926512, 0.4713892647229579, -0.48454345881999483, -46.83983247362425], [-0.5494155541004732, 3.218877067505694e-09, -0.8355492216028368, 102.41660628496207], [0.0, 0.0, 0.0, 1.0]], [[-0.3989894592722069, 0.8819252243546263, 0.25102838324917054, 26.01111263800989], [0.74647195833316, 0.47138926472875436, -0.469650621257903, -48.664127877648504], [-0.5325288201719399, 3.252028977625184e-09, -0.846411843946085, 102.44525019307488], [0.0, 0.0, 0.0, 1.0]], [[-0.4039491268683275, 0.8819252243518425, 0.24296695347193925, 26.986273554217853], [0.755751032451212, 0.4713892647339624, -0.45456844011412373, -50.48856274230485], [-0.5154273927893012, 3.2853059594614933e-09, -0.8569332282652314, 102.43235666211817], [0.0, 0.0, 0.0, 1.0]], [[-0.4087459389911881, 0.8819252243493744, 0.23480756953263915, 27.961115867960988], [0.7647254192103585, 0.4713892647385805, -0.43930299589630734, -52.312401531396866], [-0.49811816653624086, 3.31869502052093e-09, -0.8671091327760648, 102.37793089022696], [0.0, 0.0, 0.0, 1.0]], [[-0.41337796176580466, 0.8819252243472225, 0.22655352095524525, 28.935246563395573], [0.7733915005114115, 0.4713892647426062, -0.4238604429961475, -54.134908949041], [-0.48060811977229845, 3.3521822857449742e-09, -0.8769354549774525, 102.28199481960705], [0.0, 0.0, 0.0, 1.0]], [[-0.4178433277533997, 0.8819252243453881, 0.21820813542857415, 29.90827291157283], [0.7817457825511106, 0.4713892647460381, -0.408247007208187, -55.95535023610714], [-0.4629043118194839, 3.385754565468707e-09, -0.886408233305297, 102.14458712768877], [0.0, 0.0, 0.0, 1.0]], [[-0.4221402367042753, 0.8819252243438719, 0.20977477746469883, 30.87980262877077], [0.7897848972306797, 0.471389264748875, -0.392468983219836, -57.772991466443145], [-0.4450138801162541, 3.419398239229569e-09, -0.8955236487296758, 101.96576321153411], [0.0, 0.0, 0.0, 1.0]], [[-0.4262669562835986, 0.8819252243426744, 0.2012568470425167, 31.849444034646783], [0.7975056035137029, 0.47138926475111553, -0.3765327320736155, -59.58709984276315], [-0.426944037339993, 3.453099727295379e-09, -0.904278026294513, 101.74559516550252], [0.0, 0.0, 0.0, 1.0]], [[-0.43022182276980747, 0.8819252243417958, 0.19265777823702038, 32.816806210146744], [0.8049047887327769, 0.4713892647527589, -0.36044467860265084, -61.39694399208103], [-0.4087020684991615, 3.486845434149959e-09, -0.9126678365991703, 101.48417175218584], [0.0, 0.0, 0.0, 1.0]], [[-0.43400324172535343, 0.8819252243412372, 0.1839810378348212, 33.78149915510736], [0.8119794698444075, 0.47138926475380416, -0.3442113088404467, -63.20179426056932], [-0.39029532799628625, 3.520621600175825e-09, -0.9206896972213532, 101.1815983666227], [0.0, 0.0, 0.0, 1.0]], [[-0.43760968863951305, 0.8819252243409981, 0.17523012393648538, 34.74313394548797], [0.8187267946316504, 0.47138926475425147, -0.3278391674059863, -65.0009230077257], [-0.37173123666296776, 3.554414931959253e-09, -0.9283403740807648, 100.8379969938078], [0.0, 0.0, 0.0, 1.0]], [[-0.4410397095430066, 0.8819252243410791, 0.16640856454624545, 35.70132289016854], [0.8251440428540042, 0.47138926475410003, -0.3113348548652163, -66.79360489972684], [-0.35301727876811323, 3.588211414624358e-09, -0.9356167827429493, 100.45350615951241], [0.0, 0.0, 0.0, 1.0]], [[-0.4442919215941782, 0.8819252243414797, 0.157519916149655, 36.65567968725063], [0.8312286273440996, 0.4713892647533502, -0.29470502506997076, -68.57911720185322], [-0.3341609990005884, 3.6219978424039134e-09, -0.9425159896628101, 100.02828087443669], [0.0, 0.0, 0.0, 1.0]], [[-0.44736501363650044, 0.8819252243422001, 0.14856776227976348, 37.60581957979817], [0.8369780950507378, 0.47138926475200243, -0.2779563824754167, -70.35674006986551], [-0.31516999942751467, 3.6557603606486537e-09, -0.9490352133672931, 99.5624925717159], [0.0, 0.0, 0.0, 1.0]], [[-0.4502577467271772, 0.88192522434324, 0.13955571207238301, 38.55135951095548], [0.8423901280278573, 0.47138926475005694, -0.26109567943709633, -72.12575684021576], [-0.2960519364294312, 3.689485329470251e-09, -0.9551718255767591, 99.05632903780551], [0.0, 0.0, 0.0, 1.0]], [[-0.45296895463663484, 0.8819252243445989, 0.1304873988110361, 39.49191827837984], [0.8474625443690343, 0.4713892647475149, -0.2441297134886578, -73.88545431897644], [-0.2768145176135605, 3.723159309792873e-09, -0.9609233522645979, 98.50999433677364], [0.0, 0.0, 0.0, 1.0]], [[-0.45549754431869627, 0.881925224346276, 0.12136647846216682, 40.42711668792641], [0.8521932990871363, 0.4713892647443769, -0.22706532460137394, -75.63512306937042], [-0.2574654987064238, 3.756768565083658e-09, -0.9662874746546526, 97.92370872803092], [0.0, 0.0, 0.0, 1.0]], [[-0.45784249635125285, 0.8819252243482709, 0.11219662820120715, 41.356577706523495], [0.8565804849387757, 0.4713892647406444, -0.20990939242654935, -77.37405769778643], [-0.2380126804270534, 3.790299584336195e-09, -0.9712620301560538, 97.29770857753098], [0.0, 0.0, 0.0, 1.0]], [[-0.4600028653472526, 0.881925224350583, 0.10298154493009262, 42.279926614176716], [0.8606223331932311, 0.47138926473631915, -0.1926688335219313, -79.10155713816444], [-0.21846390534206744, 3.823738918404033e-09, -0.9758450132350868, 96.63224626247765], [0.0, 0.0, 0.0, 1.0]], [[-0.4619777803358397, 0.881925224353211, 0.09372494378682623, 43.196791155040266], [0.8643172143455258, 0.47138926473140236, -0.17535059856324284, -80.81692493463612], [-0.19882705470387482, 3.8570729223939765e-09, -0.9800345762237375, 95.92759006957692], [0.0, 0.0, 0.0, 1.0]], [[-0.4637664451134959, 0.881925224356154, 0.08443055664768813, 44.10680168749526], [0.8676636387733763, 0.47138926472589643, -0.1579616695419578, -82.51946952230716], [-0.1791100452732802, 3.890288410856587e-09, -0.9838290300645969, 95.18402408687483], [0.0, 0.0, 0.0, 1.0]], [[-0.465368145004918, 0.8819252231726491, 0.0751021366779871, 45.00959115504784], [0.8706602670727644, 0.4713892669401198, -0.14050907363232323, -84.20850357871974], [-0.1593208373998322, 5.027126167687002e-09, -0.9872268580592496, 94.40184984622744], [0.0, 0.0, 0.0, 1.0]]]], ["pivot", [[[-0.46536814500491797, 0.8819252231726489, 0.07510213667798708, 45.00959115504784], [0.8706602670727643, 0.47138926694011973, -0.1405090736323232, -84.20850357871974], [-0.15932083739983222, 5.027126138956884e-09, -0.9872268580592496, 94.40184984622744], [0.0, 0.0, 0.0, 1.0]], [[-0.46677703898479395, 0.8819252231675709, 0.0657802183564781, 45.90143466930983], [0.8732961759392119, 0.47138926694962024, -0.12306863630581535, -85.87705938226745], [-0.1395454235589068, 5.098402042180234e-09, -0.9902156702534924, 93.61372705999484], [0.0, 0.0, 0.0, 1.0]], [[-0.46799922214382617, 0.8819252231631657, 0.05643198794670751, 46.78566993363607], [0.8755827663224035, 0.4713892669578617, -0.10557897152306575, -87.53138086176388], [-0.11971419154660827, 5.169879074734473e-09, -0.9928083961657995, 92.78792485031676], [0.0, 0.0, 0.0, 1.0]], [[-0.4690342056087341, 0.8819252231594357, 0.04706118474096984, 47.661943253908504], [0.8775191235861538, 0.4713892669648409, -0.08804707515023193, -89.17080628859405], [-0.09983507385601861, 5.2415287075049636e-09, -0.9950039987057699, 91.92477353808857], [0.0, 0.0, 0.0, 1.0]], [[-0.4698815753861169, 0.8819252231563816, 0.03767155706067828, 48.52990412078675], [0.8791044731875299, 0.47138926697055483, -0.07047995994610788, -90.79467989256437], [-0.0799160221344917, 5.313322280923445e-09, -0.9968015996323567, 91.02461838384724], [0.0, 0.0, 0.0, 1.0]], [[-0.4705409925280521, 0.8819252231540047, 0.02826686075703614, 49.38920534991196], [0.8803381809866696, 0.47138926697500144, -0.05288465275702072, -92.40235212421058], [-0.05996500400299451, 5.385231070520123e-09, -0.9982004799051643, 90.08781944966704], [0.0, 0.0, 0.0, 1.0]], [[-0.4710121932676736, 0.8819252231523065, 0.018850857708696264, 50.239503220780456], [0.8812197535004357, 0.47138926697817873, -0.03526819170609186, -93.99317991461751], [-0.039989999869058296, 5.4572263331747764e-09, -0.9992000799720638, 89.11475145513472], [0.0, 0.0, 0.0, 1.0]], [[-0.471294989124679, 0.8819252231512873, 0.009427314317009562, 51.08045761423203], [0.8817488380998104, 0.4713892669800856, -0.01763762337798787, -95.56652693264681], [-0.019998999734615816, 5.529279238491395e-09, -0.9997999999930146, 88.1058036274617], [0.0, 0.0, 0.0, 1.0]], [[-0.4713892669806795, 0.8819252231509723, 1.2059831940037574e-16, 51.91173214844834], [0.8819252231509717, 0.4713892669806794, 1.355648740233298e-16, -97.12176383949571], [-4.979274226045408e-17, 5.600753451694618e-09, -1.0, 87.06137954579313], [0.0, 0.0, 0.0, 1.0]]]], ["setGripper", 84.638974949], ["fingerGait", [[[-0.47138926698067957, 0.8819252231509724, 7.041525756249357e-17, 51.91173214844834], [0.8819252231509721, 0.47138926698067957, 5.4626438043797493e-17, -97.12176383949571], [-7.444271852712903e-18, 5.600753569638012e-09, -1.0000000000000002, 87.06137954579313], [0.0, 0.0, 0.0, 1.0]], [[-0.47105962622664643, 0.8819252234286219, 0.017625807047116634, 51.83828971156348], [0.881308497334751, 0.47138926646122314, -0.03297623758386142, -96.98434954335588], [-0.037391194187666246, 4.97314521663481e-09, -0.9993007047917161, 88.64375348276418], [0.0, 0.0, 0.0, 1.0]], [[-0.4700711660148, 0.8819252237171393, 0.035226962790376785, 51.76484727467863], [0.8794591818888613, 0.47138926592143376, -0.0659063549280384, -96.84693524721604], [-0.07473009340947757, 4.367999263840143e-09, -0.9972037971944405, 90.22612741973523], [0.0, 0.0, 0.0, 1.0]], [[-0.4684252687961197, 0.8819252240161212, 0.05277885042203748, 51.691404837793776], [0.8763798632481627, 0.4713892653620665, -0.09874429628599683, -96.7095209510762], [-0.11196447583881716, 3.786162062584217e-09, -0.9937122099230434, 91.80850135670629], [0.0, 0.0, 0.0, 1.0]], [[-0.46612423650668217, 0.8819252243251492, 0.07025692204026439, 51.61796240090892], [0.8720748481181957, 0.4713892647839035, -0.13144413482765369, -96.57210665493636], [-0.1490422658252525, 3.2284473648007095e-09, -0.9888308262780213, 93.39087529367734], [0.0, 0.0, 0.0, 1.0]], [[-0.4631712873481957, 0.8819252246437914, 0.08763673298159218, 51.54451996402407], [0.8665501574518643, 0.4713892641877535, -0.16396013687220123, -96.43469235879653], [-0.18591160672704105, 2.6956351849211204e-09, -0.9825664733157596, 94.97324923064839], [0.0, 0.0, 0.0, 1.0]], [[-0.45957055128705393, 0.8819252249716021, 0.10489397600899654, 51.471077527139215], [0.8598135180285889, 0.47138926357445027, -0.1962468258507949, -96.29727806265669], [-0.22252093343733237, 2.18847070895406e-09, -0.9749279123002774, 96.55562316761944], [0.0, 0.0, 0.0, 1.0]], [[-0.4553270642782046, 0.8819252253081227, 0.12200451530776296, 51.39763509025436], [0.8518743516477066, 0.47138926294485156, -0.2282590459096465, -96.15986376651685], [-0.25881904450263243, 1.7076632522752391e-09, -0.9659258264498073, 98.1379971045905], [0.0, 0.0, 0.0, 1.0]], [[-0.45044676122191113, 0.8819252256528826, 0.13894442024160586, 51.32419265336951], [0.8427437619512336, 0.47138926229983785, -0.25995202506456866, -96.02244947037701], [-0.2947551737326658, 1.2538852675857838e-09, -0.9555728059953489, 99.72037104156155], [0.0, 0.0, 0.0, 1.0]], [[-0.44493646766325795, 0.8819252260053996, 0.1556899988218272, 51.250750216484654], [0.8324345188944168, 0.47138926164031136, -0.2912814378186428, -95.88503517423717], [-0.33027906120148276, 8.277714044263301e-10, -0.9438833305720923, 101.3027449785326], [0.0, 0.0, 0.0, 1.0]], [[-0.4388038902460087, 0.8819252263651807, 0.17221783084270484, 51.1773077795998], [0.8209610408857975, 0.4713892609671944, -0.32220346715543435, -95.74762087809734], [-0.36534102354051023, 4.2991762156225957e-10, -0.9308737489683392, 102.88511891550365], [0.0, 0.0, 0.0, 1.0]], [[-0.432057605934168, 0.8819252267317226, 0.18850480063676767, 51.10386534271495], [0.8083393746217632, 0.47138926028142847, -0.35267486582105206, -95.6102065819575], [-0.3998920234252348, 6.088035348148134e-11, -0.9165622562602441, 104.4674928524747], [0.0, 0.0, 0.0, 1.0]], [[-0.4247070500163218, 0.8819252271045127, 0.2045281294041468, 51.03042290583009], [0.7945871726437921, 0.4713892595839726, -0.38265301680934277, -95.47279228581766], [-0.43388373815833475, -2.788242678295104e-10, -0.9009688683643555, 106.04986678944576], [0.0, 0.0, 0.0, 1.0]], [[-0.4167625029095333, 0.8819252274830298, 0.22026540707078665, 50.95698046894524], [0.7797236686497772, 0.4713892588758023, -0.4120959929656278, -95.33537798967782], [-0.46726862725334173, -5.887211347428862e-10, -0.8841153940435463, 107.63224072641681], [0.0, 0.0, 0.0, 1.0]], [[-0.40823507578125007, 0.8819252278667444, 0.2356946236309598, 50.883538032060386], [0.7637696505939611, 0.47138925815790794, -0.4409626156256198, -95.19796369353799], [-0.49999999892430924, -8.683768284704566e-10, -0.8660254044054875, 109.21461466338786], [0.0, 0.0, 0.0, 1.0]], [[-0.3991366950093316, 0.8819252282551198, 0.25079419993025004, 50.81009559517553], [0.7467474316131025, 0.4713892574312936, -0.4692125122075077, -95.06054939739815], [-0.5320320753884972, -1.1174002252390355e-09, -0.8467241999363226, 110.79698860035892], [0.0, 0.0, 0.0, 1.0]], [[-0.38948008550193186, 0.8819252286476128, 0.2655430178459509, 50.73665315829068], [0.7286808188195367, 0.47138925669697557, -0.49680617267666316, -94.92313510125831], [-0.5633200568907399, -1.3354430433124011e-09, -0.8262387751156506, 112.37936253732997], [0.0, 0.0, 0.0, 1.0]], [[-0.3792787529005644, 0.8819252290436745, 0.27992044982266984, 50.663210721405825], [0.7095950800047767, 0.4713892559559808, -0.523705004803996, -94.78572080511847], [-0.5938201843599547, -1.5222003300947947e-09, -0.8045977806623048, 113.96173647430102], [0.0, 0.0, 0.0, 1.0]], [[-0.36854696469124176, 0.8819252294427511, 0.2939063877218293, 50.58976828452097], [0.6895169083002218, 0.47138925520934566, -0.5498713881406758, -94.64830650897864], [-0.6234898006101589, -1.6774108886346978e-09, -0.7818314834637328, 115.54411041127207], [0.0, 0.0, 0.0, 1.0]], [[-0.3572997302501061, 0.8819252298442843, 0.30748127094471683, 50.51632584763612], [0.6684743848444004, 0.47138925445811436, -0.575268726633732, -94.5108922128388], [-0.6522874100004018, -1.8008576429323867e-09, -0.7579717242450171, 117.12648434824312], [0.0, 0.0, 0.0, 1.0]], [[-0.34555277985145966, 0.8819252302477126, 0.32062611378975087, 50.442883410751264], [0.646496939508958, 0.47138925370333756, -0.5998614998089415, -94.37347791669896], [-0.6801727364701701, -1.892367941540344e-09, -0.7330518730367428, 118.70885828521418], [0.0, 0.0, 0.0, 1.0]], [[-0.3333225272251763, 0.8819252231509724, 0.3333225272251763, 50.36944097386636], [0.6236153230074187, 0.47138926698067957, -0.6236153230074187, -94.23606362055907], [-0.7071067690849304, 5.600753533768933e-09, -0.7071067690849308, 120.2912322221853], [0.0, 0.0, 0.0, 1.0]]]], ["closeGripper", 0], ["pivot", [[[-0.3333225272251763, 0.8819252231509725, 0.3333225272251763, 50.36944097386636], [0.6236153230074188, 0.4713892669806796, -0.6236153230074188, -94.23606362055907], [-0.7071067690849304, 5.600753533768931e-09, -0.7071067690849308, 120.2912322221853], [0.0, 0.0, 0.0, 1.0]], [[-0.3346244080847642, 0.8819252231521935, 0.3320155415427916, 50.592510254160636], [0.6260533228115823, 0.4713892669783879, -0.6211677544595087, -94.65380081978248], [-0.7043320975517616, 6.924687508291797e-09, -0.7098705953425718, 120.3808984365907], [0.0, 0.0, 0.0, 1.0]]]]]