[["init", [[[-0.0008374494872675476, 0.881911864409851, -0.47141358256340016, 24.540704293990927], [-0.0015666877818388855, -0.4714143253376156, -0.8819104433059693, 45.37200698259963], [-0.9999984086508888, 1.7288055431445896e-08, 0.0017764604417605963, 56.101771691711164], [0.0, 0.0, 0.0, 1.0]]]], ["setGripper", 84.1178115639], ["fingerGait", [[[-0.0008374494872675556, 0.8819118644098511, -0.47141358256340016, 24.540704293990927], [-0.0015666877818389005, -0.4714143253376156, -0.8819104433059693, 45.37200698259962], [-0.9999984086508888, 1.7288055437890457e-08, 0.0017764604417606165, 56.10177169171116], [0.0, 0.0, 0.0, 1.0]], [[-0.0008374494872675556, 0.8819118644098511, -0.47141358256340016, 21.55880308468979], [-0.0015666877818389005, -0.4714143253376156, -0.8819104433059693, 40.66315890131066], [-0.9999984086508888, 1.7288055437890457e-08, 0.0017764604417606165, 58.17223007555311], [0.0, 0.0, 0.0, 1.0]], [[-0.0008374494872675556, 0.8819118644098511, -0.47141358256340016, 18.57690187538865], [-0.0015666877818389005, -0.4714143253376156, -0.8819104433059693, 35.954310820021696], [-0.9999984086508888, 1.7288055437890457e-08, 0.0017764604417606165, 60.24268845939506], [0.0, 0.0, 0.0, 1.0]], [[-0.0008374494872675556, 0.8819118644098511, -0.47141358256340016, 15.595000666087515], [-0.0015666877818389005, -0.4714143253376156, -0.8819104433059693, 31.245462738732726], [-0.9999984086508888, 1.7288055437890457e-08, 0.0017764604417606165, 62.31314684323702], [0.0, 0.0, 0.0, 1.0]]]], ["closeGripper", 0], ["pivot", [[[-0.000837449487267544, 0.8819118644098513, -0.4714135825634002, 15.595000666087515], [-0.0015666877818388961, -0.4714143253376158, -0.8819104433059695, 31.24546273873273], [-0.9999984086508887, 1.728805549994564e-08, 0.0017764604417606364, 62.31314684323702], [0.0, 0.0, 0.0, 1.0]], [[0.008666335567808367, 0.8819118644587858, -0.471334659971039, 14.995910880849808], [0.01621279026540076, -0.4714143252460701, -0.8817627969280908, 30.124698396388567], [-0.9998309922000893, 1.71390866952666e-08, -0.018383692366024825, 64.13450118973668], [0.0, 0.0, 0.0, 1.0]], [[0.01816659810395975, 0.8819118645091262, -0.4710641587854025, 14.379633370892309], [0.03398567846597805, -0.4714143251518944, -0.88125674941063, 28.971779625417945], [-0.9992571846350147, 1.6992240810254804e-08, -0.03853637294171966, 65.92986557482728], [0.0, 0.0, 0.0, 1.0]], [[0.02765947664628933, 0.8819118645608519, -0.4706021889543511, 13.746418628254116], [0.05174475285514683, -0.47141432505512715, -0.8803925064415651, 27.78717504096451], [-0.9982772191853783, 1.684757759103847e-08, -0.05867339003062314, 67.6985102550435], [0.0, 0.0, 0.0, 1.0]], [[0.03714111272119637, 0.8819118646139417, -0.46994893825005385, 13.096524029278644], [0.0694827950829203, -0.4714143249558075, -0.8791704193009274, 26.571366137181528], [-0.9968914941677494, 1.6705155828522124e-08, -0.07878655874461239, 69.43971634740615], [0.0, 0.0, 0.0, 1.0]], [[0.04660765242469147, 0.8819118646683746, -0.4691046721926679, 12.43021373000061], [0.08719259534803962, -0.471414324853976, -0.8775909847180239, 25.32484709152407], [-0.9951005728236547, 1.6565033245343103e-08, -0.09886770388897045, 71.15277612161925], [0.0, 0.0, 0.0, 1.0]], [[0.05605524798885326, 0.8819118647241277, -0.4680697339424132, 11.747758558777045], [0.10486695532846893, -0.4714143247496738, -0.8756548446695329, 24.048124563885473], [-0.9929051830906416, 1.6427267085494815e-08, -0.11890866328527439, 72.83699328773389], [0.0, 0.0, 0.0, 1.0]], [[0.06548005934579186, 0.8819118647811791, -0.4668445441600938, 11.049435906206636], [0.1224986911072238, -0.4714143246429435, -0.8733627861185695, 22.7417174906607], [-0.9903062173064021, 1.6291913125585277e-08, -0.13890129108899268, 74.49168327916215], [0.0, 0.0, 0.0, 1.0]], [[0.0748782556884819, 0.8819118648395052, -0.4654296008361148, 10.335529612381468], [0.14008063609234433, -0.47141432453382837, -0.8707157406948148, 21.406156873819405], [-0.9873047318460728, 1.615902642235635e-08, -0.15883746110044378, 76.11617353092592], [0.0, 0.0, 0.0, 1.0]], [[0.08424601702783152, 0.8819118648990824, -0.46382547908806954, 9.606329851517469], [0.1576056439298276, -0.47141432442237297, -0.8677147843158467, 20.041985565075038], [-0.9839019466928615, 1.602866098954766e-08, -0.17870907006776965, 77.70980375302753], [0.0, 0.0, 0.0, 1.0]], [[0.09357953574535452, 0.881911864959886, -0.4620328309269775, 8.862133014010276], [0.1750665914083323, -0.4714143243086222, -0.8643611367498217, 18.649758045237352], [-0.9800992449421714, 1.5900869905009523e-08, -0.19850804098058175, 79.27192619883097], [0.0, 0.0, 0.0, 1.0]], [[0.10287501814081408, 0.881911865021892, -0.4600523849922682, 8.103241585964444], [0.19245638135447887, -0.4714143241926225, -0.8606561611196898, 17.230040198838388], [-0.9758981722394307, 1.577570496727598e-08, -0.21822632635294148, 80.80190592834506], [0.0, 0.0, 0.0, 1.0]], [[0.11212868597420998, 0.8819118650850752, -0.4578849462556184, 7.329964026244989], [0.20976794551756464, -0.4714143240744212, -0.856601363349139, 15.783409084123077], [-0.9713004361518487, 1.5653217311186026e-08, -0.2378559114943396, 82.29912106630101], [0.0, 0.0, 0.0, 1.0]], [[0.1213367780014807, 0.8819118651494093, -0.45553139569376316, 6.542614641101233], [0.22699424744252342, -0.4714143239540662, -0.8521983915504965, 14.310452698498173], [-0.9663079054743577, 1.553345638787451e-08, -0.2573888177673457, 83.76296305491951], [0.0, 0.0, 0.0, 1.0]], [[0.13049555150329797, 0.8819118652148688, -0.4529926899304149, 5.741513456414033], [0.2441282853299627, -0.4714143238316064, -0.8474490353548398, 12.811769739535103], [-0.9609226094700244, 1.541647100658842e-08, -0.2768171058306039, 85.19283690126525], [0.0, 0.0, 0.0, 1.0]], [[0.1396012838063323, 0.8819118652814266, -0.4502698608474335, 4.926986087618001], [0.2611630948821126, -0.47141432370709146, -0.8423552251845816, 11.287969361623324], [-0.9551467370452347, 1.530230879266522e-08, -0.2961328788658558, 86.58816141908756], [0.0, 0.0, 0.0, 1.0]], [[0.14865027379636955, 0.8819118653490557, -0.4473640151654084, 4.099363607352021], [0.2780917521335336, -0.4714143235805723, -0.8369190314688314, 9.739670928373615], [-0.9489826358599922, 1.5191015945407815e-08, -0.31532828578767985, 87.94836946504918], [0.0, 0.0, 0.0, 1.0]], [[0.15763884342266526, 0.8819118654177288, -0.44427633399382105, 3.2589824108914716], [0.29490737626542995, -0.4714143234521, -0.8311426638018495, 8.167503760871702], [-0.942432811373688, 1.508263813618028e-08, -0.3343955244346419, 89.27290816924733], [0.0, 0.0, 0.0, 1.0]], [[0.1665633391929248, 0.881911865487418, -0.4410080723509712, 2.406184079417084], [0.31160313240242643, -0.471414323321727, -0.8250284700449358, 6.572106881884443], [-0.935499925826733, 1.497721896246737e-08, -0.35332684474056064, 90.56123915993315], [0.0, 0.0, 0.0, 1.0]], [[0.17542013365830042, 0.8819118655580946, -0.4375605586538623, 1.5413152411758997], [0.3281722343906697, -0.47141432318950616, -0.8185789353721176, 4.9541287561227865], [-0.9281867971584635, 1.487480143164556e-08, -0.3721145518845973, 91.81283878233798], [0.0, 0.0, 0.0, 1.0]], [[0.18420562688780412, 0.8819118656297307, -0.43393519417825394, 0.6647274305908795], [0.3446079475561279, -0.4714143230554914, -0.8117966812600271, 3.3142270266669485], [-0.9204963978617625, 1.4775427246194585e-08, -0.39075100941889174, 93.02719831151819], [0.0, 0.0, 0.0, 1.0]], [[0.19291624793153422, 0.8819118657022963, -0.43013345248909873, -0.22322305462379788], [0.3609035914419645, -0.47141432291973695, -0.8046844644223762, 1.6530682476608867], [-0.91243185377486, 1.4679136662142474e-08, -0.4092286423724713, 94.20382415913127], [0.0, 0.0, 0.0, 1.0]], [[0.20154845627212406, 0.8819118657757624, -0.42615687884159836, -1.1221752982833682], [0.37705254252387554, -0.4714143227822983, -0.7972451756894636, -0.02867238661507443], [-0.9039964428108069, 1.4585968895261814e-08, -0.42753994033017206, 95.34223807405982], [0.0, 0.0, 0.0, 1.0]], [[0.21009874326381878, 0.8819118658500991, -0.4220070895531186, -2.031763912430433], [0.39304823690228635, -0.4714143226432311, -0.7894818388331681, -1.730311316183677], [-0.8951935936251336, 1.4495961826896812e-08, -0.44567746048532086, 96.44197733680119], [0.0, 0.0, 0.0, 1.0]], [[0.21856363355859962, 0.8819118659252759, -0.41768577134622153, -2.9516191858504914], [0.40888417297031265, -0.47141432250259174, -0.7813976093379064, -3.4511568932104026], [-0.8860268842222401, 1.4409152029738737e-08, -0.46363383066493685, 97.50259494754454], [0.0, 0.0, 0.0, 1.0]], [[0.22693968651877275, 0.8819118660012623, -0.41319468066308085, -3.881367234344661], [0.42455391405640225, -0.47141432236043757, -0.7729957731180561, -5.190509663130417], [-0.8765000405010807, 1.4325574727323508e-08, -0.48140175232622356, 98.52365980785821], [0.0, 0.0, 0.0, 1.0]], [[0.2352234976154504, 0.8819118660780279, -0.4085356429515587, -4.820630152698562], [0.440051091040584, -0.47141432221682644, -0.7642797451823642, -6.9476626489487785], [-0.8666169347407366, 1.424526399282488e-08, -0.4989740035231338, 99.50475689591397], [0.0, 0.0, 0.0, 1.0]], [[0.2434116998123555, 0.881911866155541, -0.40371055192323413, -5.76902616828567], [0.4553694049432584, -0.47141432207181677, -0.7552530682458817, -8.72190163859824], [-0.8563815840264886, 1.4168252374919294e-08, -0.5163434418417996, 100.44548743517663], [0.0, 0.0, 0.0, 1.0]], [[0.25150096493438545, 0.8819118662337702, -0.3987213687836853, -6.726169796242514], [0.4705026294854801, -0.4714143219254672, -0.7459194112899933, -10.512505475237694], [-0.8457981486170346, 1.4094571270414524e-08, -0.5335030073036366, 101.34546905649074], [0.0, 0.0, 0.0, 1.0]], [[0.25948800502038283, 0.8819118663126836, -0.39357012143533926, -7.691671996152717], [0.4854446136196897, -0.47141432177783726, -0.7362825680711244, -12.318746350373399], [-0.8348709302535116, 1.402425059122703e-08, -0.5504457252349424, 102.20433595349826], [0.0, 0.0, 0.0, 1.0]], [[0.2673695736595585, 0.8819118663922496, -0.38825890365321025, -8.665140330176357], [0.5001892840298678, -0.47141432162898733, -0.7263464555787306, -14.139890099683956], [-0.8236043704110103, 1.3957318844565371e-08, -0.5671647091018198, 103.02173903132416], [0.0, 0.0, 0.0, 1.0]], [[0.2751424673110274, 0.8819118664724352, -0.382789874233864, -9.646179122560191], [0.5147306476000932, -0.4714143214789777, -0.7161151124431987, -15.975196501428627], [-0.8120030484932935, 1.3893803416359825e-08, -0.5836531633092772, 103.79734604846938], [0.0, 0.0, 0.0, 1.0]], [[0.2828035266059195, 0.8819118665532084, -0.37716525611795493, -10.63438962046387], [0.5290627938505047, -0.47141432132786915, -0.7055926972943075, -17.823919577317582], [-0.8000716799714541, 1.3833729996656599e-08, -0.599904385963364, 104.53084175185376], [0.0, 0.0, 0.0, 1.0]], [[0.29034963763153593, 0.8819118666345359, -0.3713873354866886, -11.629370156037043], [0.5431798973396721, -0.4714143211757232, -0.6947834870709102, -19.685307895722225], [-0.7878151144672649, 1.3777122855016005e-08, -0.6159117715952221, 105.22192800495378], [0.0, 0.0, 0.0, 1.0]], [[0.29777773319702916, 0.8819118667163851, -0.3654584608325824, -12.630716309681087], [0.5570762200324056, -0.47141432102260195, -0.6836918752825312, -21.558604877101892], [-0.7752383337820011, 1.3724005182742252e-08, -0.6316688138459423, 105.87032390898278], [0.0, 0.0, 0.0, 1.0]], [[0.3050847940800937, 0.881911866798722, -0.35938104200489646, -13.638021074429528], [0.5707461136320359, -0.47141432086856716, -0.6723223702235809, -23.443049101523084], [-0.7623464498715397, 1.3674398590544212e-08, -0.6471691081111385, 106.47576591706542], [0.0, 0.0, 0.0, 1.0]], [[0.31226785025415715, 0.8819118668815142, -0.35315754923012793, -14.650875021379886], [0.584184021876219, -0.47141432071368194, -0.6606795931409164, -25.337874618145914], [-0.7491447027685549, 1.3628323166047991e-08, -0.662406354144162, 107.03800794135864], [0.0, 0.0, 0.0, 1.0]], [[0.31932398209557794, 0.881911866964727, -0.3467905121079622, -15.668866466110192], [0.5973844827953344, -0.4714143205580088, -0.6487682763554882, -27.24231125655256], [-0.7356384584526545, 1.3585797619615256e-08, -0.6773743586168979, 107.55682145307647], [0.0, 0.0, 0.0, 1.0]], [[0.32625032157035444, 0.8819118670483274, -0.3402825185830928, -16.691581636012106], [0.6103421309325566, -0.4714143204016114, -0.6365932613388439, -29.155584939790433], [-0.7218332066693257, 1.3546839443737754e-08, -0.6920670376371051, 108.03199557537803], [0.0, 0.0, 0.0, 1.0]], [[0.3330440533998659, 0.8819118671322808, -0.33363621389332565, -17.71860483847288], [0.6230516995246964, -0.47141432024455304, -0.6241594967452635, -31.07691799900337], [-0.7077345586985734, 1.3511464207340146e-08, -0.706478419221273, 108.46333716908025], [0.0, 0.0, 0.0, 1.0]], [[0.33970241620516894, 0.8819118672165531, -0.32685429949439665, -18.74951862983761], [0.6355080226429295, -0.47141432008689765, -0.6114720364003307, -33.005529489522814], [-0.6933482450741613, 1.3479686442057222e-08, -0.7206026457219931, 108.85067091116126], [0.0, 0.0, 0.0, 1.0]], [[0.3462227036293888, 0.8819118673011108, -0.3199395319619383, -19.783903985083402], [0.6477060372925385, -0.4714143199287094, -0.598536037246756, -34.9406355082904], [-0.6786801132543794, 1.3451518929944566e-08, -0.7344339762088578, 109.19383936602216], [0.0, 0.0, 0.0, 1.0]], [[0.35260226543774337, 0.8819118673859188, -0.31289472187104195, -20.8213404681362], [0.6596407854708168, -0.47141431977005255, -0.5853567572482868, -36.881449512483016], [-0.6637361252452881, 1.342697324032409e-08, -0.7479667888019168, 109.49270304947828], [0.0, 0.0, 0.0, 1.0]], [[0.35883850859475747, 0.8819118674709429, -0.30572273265387273, -21.861406402761066], [0.6713074161822978, -0.47141431961099145, -0.5719395532525559, -38.827182639210974], [-0.6485223551774015, 1.3406059348697096e-08, -0.7611955829567464, 109.74714048545393], [0.0, 0.0, 0.0, 1.0]], [[0.36492889831822767, 0.8819118675561483, -0.298426479435799, -22.90367904395673], [0.6827011874104888, -0.47141431945159096, -0.5582898788137386, -40.77704402615887], [-0.6330449868367976, 1.3388785687123264e-08, -0.7741149817001991, 109.95704825535739], [0.0, 0.0, 0.0, 1.0]], [[0.37087095910950935, 0.8819118676415005, -0.2910089278505113, -23.94773474978436], [0.6938174680453109, -0.47141431929191535, -0.5444132819759024, -42.73024113303952], [-0.6173103111516585, 1.3375159311965434e-08, -0.786719733815927, 110.12234104011655], [0.0, 0.0, 0.0, 1.0]], [[0.3766622757597071, 0.8819118677269647, -0.2834730928346118, -24.993149153560978], [0.7046517397654587, -0.4714143191320303, -0.53031540301795, -44.68598006372959], [-0.6013247236352602, 1.3365185776738249e-08, -0.799004715978791, 110.2429516548577], [0.0, 0.0, 0.0, 1.0]], [[0.382300494331361, 0.8819118678125067, -0.2758220374021622, -26.03949733634762], [0.7151995988749168, -0.47141431897200037, -0.5160019721610716, -46.643465888956605], [-0.5850947217864542, 1.3358869175173913e-08, -0.8109649348372857, 110.3188310762134], [0.0, 0.0, 0.0, 1.0]], [[0.38778332311522606, 0.8819118678980914, -0.2680588713996941, -27.086353999661526], [0.7254567580928845, -0.4714143188118907, -0.5014788072396423, -48.60190296940557], [-0.5686269024486943, 1.3356211906216676e-08, -0.8225955290431364, 110.34994846224853], [0.0, 0.0, 0.0, 1.0]], [[0.3931085335617611, 0.8819118679836837, -0.2601867502421787, -28.13329363834315], [0.735419048296383, -0.47141431865176636, -0.4867518113365039, -50.56049527911453], [-0.5519279591286855, 1.3357215198233724e-08, -0.8338917712272415, 110.33629116499624], [0.0, 0.0, 0.0, 1.0]], [[0.3982739611869446, 0.8819118680692493, -0.2522088736304796, -29.179890713506754], [0.7450824202148386, -0.47141431849169224, -0.4718269703836004, -52.51844672902715], [-0.5350046792757428, 1.3361878639277563e-08, -0.8448490699211594, 110.27786473559902], [0.0, 0.0, 0.0, 1.0]], [[0.40327750645204963, 0.8819118681547531, -0.2441284842508018, -30.2257198255049], [0.7544429460759445, -0.4714143183317336, -0.45671035072893756, -54.474961490570664], [-0.5178639415229657, 1.337020037837316e-08, -0.8554629714233534, 110.17469292205219], [0.0, 0.0, 0.0, 1.0]], [[0.4081171356170229, 0.8819118682401602, -0.2359488664566703, -31.27035588683635], [0.7634968212021462, -0.47141431817195534, -0.44140809667085495, -56.42924431912856], [-0.5005127128913496, 1.3382176726390452e-08, -0.865729161609445, 110.0268176595514], [0.0, 0.0, 0.0, 1.0]], [[0.4127908815671176, 0.8819118683254364, -0.22767334493397284, -32.313374294926945], [0.772240365557088, -0.47141431801242273, -0.42592642796061675, -58.38050087727532], [-0.48295804595797265, 1.3397803205708127e-08, -0.8756434676857305, 109.83429905344765], [0.0, 0.0, 0.0, 1.0]], [[0.4172968446124464, 0.8819118684105468, -0.21930528334960833, -33.35435110471358], [0.7806700252413994, -0.47141431785320015, -0.41027163727433275, -60.32793805764261], [-0.465207075989407, 1.3417073282816313e-08, -0.8852018598852541, 109.59721535481683], [0.0, 0.0, 0.0, 1.0]], [[0.4216331932601303, 0.8819118684954566, -0.210848082984291, -34.392863200960846], [0.788782373937214, -0.47141431769435266, -0.394450087655237, -62.27076430528585], [-0.44726701804151775, 1.3439979139392263e-08, -0.8944004531057463, 109.31566292865375], [0.0, 0.0, 0.0, 1.0]], [[0.4257981649587254, 0.8819118685801315, -0.20230518135006734, -35.428488470240296], [0.7965741143008295, -0.47141431753594454, -0.3784682099273684, -64.20818993941919], [-0.42914516402683467, 1.346651151979202e-08, -0.9032355084887627, 108.98975621470393], [0.0, 0.0, 0.0, 1.0]], [[0.4297900668146299, 0.881911868664537, -0.19368005079310552, -36.4608059725026], [0.8040420793029447, -0.4714143173780405, -0.3623325000816982, -66.13942747438912], [-0.4108488797506823, 1.3496659561978344e-08, -0.911703434939378, 108.61962768094807], [0.0, 0.0, 0.0, 1.0]], [[0.43360727628017726, 0.8819118687486388, -0.1849761970823252, -37.489396112172834], [0.8111832335159295, -0.4714143172207044, -0.3460495166357706, -68.06369193975576], [-0.39238560191727534, 1.3530411067965943e-08, -0.9198007905858233, 108.20542776975935], [0.0, 0.0, 0.0, 1.0]], [[0.4372482418131368, 0.881911868832403, -0.17619715798444496, -38.51384080869911], [0.8179946743476062, -0.4714143170640007, -0.3296258779679298, -69.98020119935174], [-0.3737628351069988, 1.3567752152188039e-08, -0.9275242841784683, 107.74732483675467], [0.0, 0.0, 0.0, 1.0]], [[0.4407114835073528, 0.8819118689157951, -0.1673465018260208, -39.5337236664856], [0.8244736332210338, -0.4714143169079924, -0.313068259627214, -71.88817626918919], [-0.3549881487260958, 1.3608667883445927e-08, -0.9348707764275811, 107.24550508236473], [0.0, 0.0, 0.0, 1.0]], [[0.44399559369426705, 0.8819118689987814, -0.15842782604306593, -40.54863014414056], [0.8306174766998252, -0.4714143167527435, -0.2963833916200145, -73.78684163408529], [-0.3360691739300102, 1.3653141531698145e-08, -0.9418372812793238, 106.70017247615112], [0.0, 0.0, 0.0, 1.0]], [[0.4470992375150799, 0.881911869081328, -0.14944475571883703, -41.558147722970766], [0.8364237075585322, -0.4714143165983166, -0.2795780556745968, -75.67542556287823], [-0.31701360052162647, 1.3701154980069136e-08, -0.9484209671294641, 106.11154867390087], [0.0, 0.0, 0.0, 1.0]], [[0.4500211534633161, 0.881911869163402, -0.14040094211038323, -42.56186607465384], [0.8418899657976691, -0.4714143164447747, -0.26265908248460207, -77.55316042210478], [-0.2978291738256756, 1.3752688890192329e-08, -0.9546191579743084, 105.47987292753237], [0.0, 0.0, 0.0, 1.0]], [[0.45276015389757684, 0.8819118692449689, -0.13130006116445855, -43.55937722802003], [0.8470140296029536, -0.4714143162921802, -0.2456333489326444, -79.41928298801231], [-0.2785236915405714, 1.3807722002375311e-08, -0.9604293344983876, 104.80540198784885], [0.0, 0.0, 0.0, 1.0]], [[0.4553151255242689, 0.881911869325997, -0.12214581202339503, -44.55027573487638], [0.8517938162483909, -0.4714143161405956, -0.22850777529513394, -81.27303475677896], [-0.259105000568959, 1.3866232114399743e-08, -0.9658491350984618, 104.0884100001798], [0.0, 0.0, 0.0, 1.0]], [[0.45768502985011195, 0.881911869406452, -0.1129419155215513, -45.534158834804884], [0.8562273829428125, -0.4714143159900817, -0.21128932242946286, -83.11366225281446], [-0.2395809938282645, 1.3928195646938397e-08, -0.970876356843413, 103.32918839295166], [0.0, 0.0, 0.0, 1.0]], [[0.45986890360424637, 0.8819118694863018, -0.10369211267294355, -46.51062661886849], [0.8603129276195459, -0.4714143158407002, -0.19398498894469723, -84.9404173350181], [-0.21995960704254197, 1.3993586920915366e-08, -0.9755089563696498, 102.52804575923402], [0.0, 0.0, 0.0, 1.0]], [[0.4618658591297625, 0.8819118695655143, -0.09440016315067168, -47.47928219215808], [0.8640487896688819, -0.4714143156925115, -0.1766018083569225, -86.7525575008678], [-0.20024881551691945, 1.4062379886733245e-08, -0.9797450507116536, 101.68530773130891], [0.0, 0.0, 0.0, 1.0]], [[0.4636750847444987, 0.8819118696440567, -0.08506984375876546, -48.43973183511418], [0.8674334506130444, -0.4714143155455763, -0.15914684623040265, -88.5493461882176], [-0.18045663089595865, 1.4134546225628135e-08, -0.9835829180673259, 100.80131684831426], [0.0, 0.0, 0.0, 1.0]], [[0.4652958450709571, 0.8819118697218974, -0.07570494689706428, -49.39158516355822], [0.8704655347233925, -0.4714143153999537, -0.1416271973057129, -90.33005307468052], [-0.16059109790724335, 1.4210056867722964e-08, -0.9870209984978343, 99.87643241701574], [0.0, 0.0, 0.0, 1.0]], [[0.4667274813352044, 0.8819118697990044, -0.06630927901975937, -50.334455287367966], [0.8731438095795969, -0.47141431525570343, -0.12404998261601147, -92.09395437447533], [-0.14066029109152126, 1.428888077458808e-08, -0.9900578945616625, 98.91103036576271], [0.0, 0.0, 0.0, 1.0]], [[0.46796941163463796, 0.8819118698753466, -0.056886659088222775, -51.26795896773285], [0.8754671865705711, -0.47141431511288373, -0.10642234659262624, -93.8403331326164], [-0.12067231152072622, 1.4370986312190388e-08, -0.9926923718826166, 97.90550309168873], [0.0, 0.0, 0.0, 1.0]], [[0.46902113117450533, 0.8819118699508932, -0.04744091701875392, -52.19171677292509], [0.8774347213369464, -0.47141431497155295, -0.08875145416113174, -95.56847951632692], [-0.10063528350522084, 1.4456339794172315e-08, -0.9949233596515472, 96.86025930121772], [0.0, 0.0, 0.0, 1.0]], [[0.4698822124730831, 0.8819118700256132, -0.03797589212587126, -53.10535323252352], [0.8790456141549174, -0.4714143148317685, -0.07104448782909238, -97.27769110355761], [-0.0805573512915874, 1.4544906606014336e-08, -0.9967499510615919, 95.77572384394128], [0.0, 0.0, 0.0, 1.0]], [[0.47055230553543065, 0.8819118700994764, -0.028495431561786525, -54.008496990027105], [0.8802992102612968, -0.4714143146935868, -0.05330864476666489, -98.96727316849295], [-0.06044667575232214, 1.4636650987218152e-08, -0.9981714036767544, 94.65233753993434], [0.0, 0.0, 0.0, 1.0]], [[0.47103113799565033, 0.8819118701724524, -0.019003388752691534, -54.90078095379654], [0.88119500011965, -0.4714143145570644, -0.03555113388123548, -100.63653896392921], [-0.04031143106876682, 1.4731535308243346e-08, -0.9991871397336759, 93.49055700057967], [0.0, 0.0, 0.0, 1.0]], [[0.4713185152275914, 0.8819118702445123, -0.009503621832494808, -55.781842446262196], [0.8817326196274027, -0.4714143144222569, -0.017779172887289533, -102.2848100004098], [-0.02015980140863265, 1.4829521158950748e-08, -0.999796746376473, 92.2908544429736], [0.0, 0.0, 0.0, 1.0]], [[0.4714143141828923, 0.8819118703724605, 8.104546489037206e-17, -56.651322242575255], [0.8819118703724601, -0.4714143141828925, -2.881198451391892e-17, -103.91141624546353], [-3.6336257596553546e-16, 2.991394379697192e-08, -1.0000000000000002, 91.05372107514012], [0.0, 0.0, 0.0, 1.0]]]], ["setGripper", 84.5486007834], ["fingerGait", [[[0.4714143141828923, 0.8819118703724604, 3.01487219877928e-17, -56.65132224257525], [0.8819118703724603, -0.4714143141828924, 2.4480767531634256e-17, -103.91141624546353], [-3.5082586851050417e-16, 2.9913943728305296e-08, -1.0, 91.0537210751401], [0.0, 0.0, 0.0, 1.0]], [[0.4714143141828923, 0.8819118703724604, 3.01487219877928e-17, -55.31839036322814], [0.8819118703724603, -0.4714143141828924, 2.4480767531634256e-17, -102.28742457225763], [-3.5082586851050417e-16, 2.9913943728305296e-08, -1.0, 96.61589048030713], [0.0, 0.0, 0.0, 1.0]], [[0.4714143141828923, 0.8819118703724604, 3.01487219877928e-17, -53.98545848388103], [0.8819118703724603, -0.4714143141828924, 2.4480767531634256e-17, -100.66343289905174], [-3.5082586851050417e-16, 2.9913943728305296e-08, -1.0, 102.17805988547416], [0.0, 0.0, 0.0, 1.0]], [[0.4714143141828923, 0.8819118703724604, 3.01487219877928e-17, -52.65252660453393], [0.8819118703724603, -0.4714143141828924, 2.4480767531634256e-17, -99.03944122584585], [-3.5082586851050417e-16, 2.9913943728305296e-08, -1.0, 107.7402292906412], [0.0, 0.0, 0.0, 1.0]]]], ["closeGripper", 0]]