[["init", [[[-7.340648573284634e-05, -0.9943511527839087, -0.10614048603585295, 5.757180927246182], [0.0006876894382832732, -0.10614051084653686, 0.9943508657100607, -132.01247696492993], [-0.9999997573787779, 7.115076266876741e-10, 0.0006915960828881573, 44.66433006183617], [0.0, 0.0, 0.0, 1.0]]]], ["fingerGait", [[[-7.340648573284635e-05, -0.9943511527839085, -0.10614048603585292, 5.75718092724618], [0.0006876894382832734, -0.10614051084653685, 0.9943508657100607, -132.01247696492993], [-0.9999997573787779, 7.115076197583596e-10, 0.0006915960828881565, 44.66433006183617], [0.0, 0.0, 0.0, 1.0]], [[-7.340648573284635e-05, -0.9943511527839085, -0.10614048603585292, 5.75718092724618], [0.0006876894382832734, -0.10614051084653685, 0.9943508657100607, -132.01247696492993], [-0.9999997573787779, 7.115076197583596e-10, 0.0006915960828881565, 44.66433006183617], [0.0, 0.0, 0.0, 1.0]]]], ["pivot", [[[-7.340648573284635e-05, -0.9943511527839085, -0.10614048603585292, 5.7571809272461785], [0.0006876894382832732, -0.10614051084653685, 0.9943508657100607, -132.01247696492993], [-0.9999997573787779, 7.115076059075464e-10, 0.0006915960828881554, 44.66433006183617], [0.0, 0.0, 0.0, 1.0]], [[0.0012093720228850786, -0.9943516633358097, -0.10612883796525778, 5.697689129263458], [-0.019340185738505992, -0.1061323221412984, 0.9941638760967005, -131.08275781018398], [-0.9998122262175392, 0.0008502379972574752, -0.019359298506850923, 48.09754963490617], [0.0, 0.0, 0.0, 1.0]], [[0.0024916581953959216, -0.9943532644437906, -0.10609147155602659, 5.633804987438318], [-0.03936027109004061, -0.10610710675297681, 0.9935753500159471, -130.08446628516498], [-0.9992219742152442, 0.001700139390525154, -0.03940239496034633, 51.5113812747356], [0.0, 0.0, 0.0, 1.0]], [[0.0037729355314487004, -0.9943559554629304, -0.10602840185921733, 5.565554234077933], [-0.0593645025965, -0.1060648748382416, 0.9925855245240319, -129.01800449818074], [-0.9982292391233188, 0.002549362554024869, -0.05942961998898672, 54.90444990197166], [0.0, 0.0, 0.0, 1.0]], [[0.005052687937048204, -0.9943597353092966, -0.10593965427908157, 5.492964360345212], [-0.0793448226239365, -0.1060056434079592, 0.9911947983191743, -127.88380201628047], [-0.9968344208119598, 0.0033975654236593398, -0.0794329066971147, 58.27538880052988], [0.0, 0.0, 0.0, 1.0]], [[0.006330399932435819, -0.9943646024603795, -0.10582526456283177, 5.416064605185456], [-0.09929318316986191, -0.10592943632034094, 0.989403731580988, -126.68231569222644], [-0.9950380811090664, 0.0042444063463021, -0.09940419783134408, 61.622840168102485], [0.0, 0.0, 0.0, 1.0]], [[0.00760555685972301, -0.9943705549557088, -0.10568527878624255, 5.33488594354902], [-0.11920154910495454, -0.10583628427133318, 0.9872130457448433, -125.41402948047549], [-0.9928409435739406, 0.0050895442174141575, -0.11933544902599301, 64.94545566307644], [0.0, 0.0, 0.0, 1.0]], [[0.00887764509019362, -0.9943775903976396, -0.10551975333509128, 5.249461073914702], [-0.13906190140958105, -0.1057262247822529, 0.9846236232112732, -124.0794542422437], [-0.9902438932058372, 0.0059326386184396125, -0.13921863204332624, 68.2418969476406], [0.0, 0.0, 0.0, 1.0]], [[0.01014615223119179, -0.994385705952321, -0.10532875488244636, 5.159824405118921], [-0.15886624040382916, -0.10559930218467442, 0.9816365069905487, -122.67912753973349], [-0.987247976087492, 0.006773349953925139, -0.1590457380073008, 71.51083622686357], [0.0, 0.0, 0.0, 1.0]], [[0.01141056733251186, -0.9943948983508362, -0.10511236036181133, 5.06601204249595], [-0.17860658896975057, -0.10545556760257274, 0.9782529002825555, -121.21361341960528], [-0.9838543989637611, 0.007611339588307831, -0.17880878062951341, 74.75095678352477], [0.0, 0.0, 0.0, 1.0]], [[0.012670381092207335, -0.9944051638905194, -0.10487065693613645, 4.968061773334819], [-0.19827499576451613, -0.10529507893173094, 0.9744741659921504, -119.68350218578159], [-0.9800645287555498, 0.008446269982316382, -0.19849979942604887, 77.9609535084835], [0.0, 0.0, 0.0, 1.0]], [[0.01392508606173592, -0.9944164984364473, -0.1046037419627097, 4.8660130516587285], [-0.2178635384231883, -0.10511790081641999, 0.9703018261801877, -118.08941016167464], [-0.9758798920092207, 0.009277804828930708, -0.2181108629239351, 81.13953342637225], [0.0, 0.0, 0.0, 1.0]], [[0.01517417685035798, -0.9944288974231049, -0.10431172295394167, 4.75990698233311], [-0.23736432674982244, -0.10492410462336031, 0.9657375614504384, -116.4319794419335], [-0.9713021742817067, 0.010105609188845274, -0.23763407185591282, 84.28541621640278], [0.0, 0.0, 0.0, 1.0]], [[0.016417150328706172, -0.9944423558562244, -0.10399471753405994, 4.649786304508729], [-0.25676950589560926, -0.10471376841297546, 0.9607832102726501, -114.7118776338107], [-0.9663332194615752, 0.010929349625381425, -0.25706156234223176, 87.39733472807461], [0.0, 0.0, 0.0, 1.0]], [[0.01765350583144415, -0.9944568683147954, -0.10365285339173028, 4.5356953744064965], [-0.27607125952278067, -0.1044869769079496, 0.955440768242015, -112.92979758825209], [-0.9609750290263147, 0.011748694338794519, -0.2763855090581947, 90.47403549157892], [0.0, 0.0, 0.0, 1.0]], [[0.01889906522931968, -0.9944723747688751, -0.10328379942772607, 4.41652654022976], [-0.29526076929866346, -0.10424630091254072, 0.9497124348012946, -111.08653672412994], [-0.955229737999114, 0.012579649866307809, -0.2955974297574507, 93.51432124213565], [0.0, 0.0, 0.0, 1.0]]]], ["pivot", [[[0.018899065229319688, -0.9944723747688752, -0.10328379942772607, 4.416526540229759], [-0.2952607692986635, -0.10424630091254074, 0.9497124348012947, -111.08653672412994], [-0.9552297379991139, 0.012579649866307819, -0.29559742975745074, 93.51432124213565], [0.0, 0.0, 0.0, 1.0]], [[0.020391731463156117, -0.9944928365212523, -0.10280173864256253, 4.266857309381408], [-0.31858491013236173, -0.10392656915782508, 0.942179837500825, -108.74783156711992], [-0.9476749346628085, 0.013571077383742228, -0.31894824583055287, 97.21794347360955], [0.0, 0.0, 0.0, 1.0]], [[0.021872097011673083, -0.9945148472470201, -0.10228319535819687, 4.1114237532213584], [-0.3417168426141611, -0.10358263341651996, 0.9340771710649608, -106.31905407355288], [-0.9395483813515719, 0.014554336929862407, -0.34210663363731014, 100.8628907484757], [0.0, 0.0, 0.0, 1.0]], [[0.023339268742708055, -0.9945383936666965, -0.10172848242146976, 3.950319647714796], [-0.36464261081747273, -0.10321470119147722, 0.9254093239835871, -103.80166957022017], [-0.9308549809666863, 0.015528835285834909, -0.3650586212901423, 104.44696400201576], [0.0, 0.0, 0.0, 1.0]]]], ["pivot", [[[0.023339268742708058, -0.9945383936666966, -0.10172848242146976, 3.950319647714796], [-0.36464261081747273, -0.10321470119147722, 0.9254093239835871, -103.80166957022016], [-0.9308549809666864, 0.0155288352858349, -0.3650586212901423, 104.44696400201576], [0.0, 0.0, 0.0, 1.0]], [[0.024528579776846988, -0.9945587794584748, -0.10124823483548868, 3.8144335686480084], [-0.3832265764934492, -0.10289615638376028, 0.9179050594155652, -101.67833752609336], [-0.9233285932211578, 0.01631877963153031, -0.3836638407699682, 107.33341902880778], [0.0, 0.0, 0.0, 1.0]], [[0.025707996729831498, -0.9945801744087024, -0.1007442189966586, 3.6748724110886175], [-0.40165593899221536, -0.10256184264306743, 0.9100293962962437, -99.49757934985931], [-0.915429711857558, 0.017102153759015717, -0.4021142801964335, 110.1765586819831], [0.0, 0.0, 0.0, 1.0]], [[0.026877043795657828, -0.9946025698861268, -0.10021663823744942, 3.5316924774634186], [-0.4199232634525881, -0.10221189483983997, 0.9017855118631434, -97.26027481336658], [-0.9071615234802219, 0.017878641635770083, -0.4204024962054011, 112.97523596860327], [0.0, 0.0, 0.0, 1.0]], [[0.02803524935179152, -0.9946259568558579, -0.09966570539700345, 3.3849515301030775], [-0.43802118038354204, -0.1018464541516872, 0.8931767319033808, -94.9673265006657], [-0.8985273636810798, 0.018647930007356407, -0.4385211108776771, 115.72832183294963], [0.0, 0.0, 0.0, 1.0]], [[0.02918214614943152, -0.9946503258830125, -0.0990916427352708, 3.2347087679393858], [-0.45594238863724357, -0.1014656680064318, 0.8842065294119638, -92.61965944388433], [-0.8895307156939949, 0.019409708523796323, -0.45646281471544675, 118.43470561201218], [0.0, 0.0, 0.0, 1.0]], [[0.03031727150201003, -0.9946756671365218, -0.09849468184334421, 3.081024802622929], [-0.4736796583545152, -0.10106969002263383, 0.8748785231906987, -90.21822075004648], [-0.8801752089895413, 0.02016366986477304, -0.47422036959110636, 121.09329548355845], [0.0, 0.0, 0.0, 1.0]], [[0.031440167471851695, -0.9947019703930972, -0.09787506355002962, 2.9239616340708725], [-0.4912258338815401, -0.10065867994761732, 0.8651964763882776, -87.76397921898615], [-0.8704646178107867, 0.0209095098636119, -0.4917866116673041, 123.7030189066019], [0.0, 0.0, 0.0, 1.0]], [[0.032550381054916915, -0.9947292250413531, -0.09723303782468955, 2.763582625454627], [-0.5085738366566294, -0.10023280359302393, 0.855164294982128, -85.25792495250916], [-0.8604028596506674, 0.021646927629988745, -0.5091544542870079, 126.26282305409129], [0.0, 0.0, 0.0, 1.0]], [[0.03364746436355501, -0.9947574200860894, -0.09656886367639958, 2.5999524776375997], [-0.5257166680658893, -0.09979223276792075, 0.8447860262026481, -82.70106895496198], [-0.849993993671576, 0.02237562567131657, -0.5263168908324398, 128.77167523764717], [0.0, 0.0, 0.0, 1.0]], [[0.03473097480719312, -0.9947865441527272, -0.09588280904945753, 2.4331372030732563], [-0.5426474122666364, -0.09933714520948812, 0.8340658569004518, -80.0944427253673], [-0.8392422190677946, 0.02309531001276137, -0.5432669975517184, 131.22856332417413], [0.0, 0.0, 0.0, 1.0]], [[0.03580047527088822, -0.9948165854918969, -0.09517515071528806, 2.2632040991740614], [-0.5593592389774176, -0.09886772451131608, 0.8230081118572902, -77.43909784129185], [-0.8281518733714356, 0.023805690315838866, -0.5599979363520718, 133.63249614418027], [0.0, 0.0, 0.0, 1.0]], [[0.036855534291670114, -0.9948475319841781, -0.09444617416078638, 2.090221721162042], [-0.5758454062335173, -0.09838416004933812, 0.8116172520413274, -74.73610553461393], [-0.8167274307025739, 0.024506479995544235, -0.576502957558494, 135.9825038916393], [0.0, 0.0, 0.0, 1.0]], [[0.037895726232604274, -0.9948793711449897, -0.09369617347314556, 1.9142598544119036], [-0.5920992631068311, -0.09788664690543229, 0.7998978728074754, -71.98655625936196], [-0.8049734999642758, 0.02519739633596763, -0.5927754026367302, 138.2776385152348], [0.0, 0.0, 0.0, 1.0]], [[0.03892063145450437, -0.9949120901296263, -0.0929254512212147, 1.73538948629789], [-0.6081142523890161, -0.0973753857887204, 0.7878547020435144, -69.1915592517984], [-0.7928948229832541, 0.02587816060434874, -0.608808706879495, 140.51697410082699], [0.0, 0.0, 0.0, 1.0]], [[0.039929836485224954, -0.9949456757384383, -0.0921343183334349, 1.5536827775557127], [-0.6238839132368295, -0.0968505829545968, 0.7754925982627453, -66.35224208292622], [-0.7804962725968968, 0.026548498163524507, -0.6245964020548374, 142.69960724498986], [0.0, 0.0, 0.0, 1.0]], [[0.04092293418646658, -0.99498011442216, -0.09132309397240325, 1.3692130331711287], [-0.6394018837785949, -0.09631245012152004, 0.7628165486439455, -63.46975020359894], [-0.7677828506874447, 0.027208138582724542, -0.6401321190155864, 144.82465741946643], [0.0, 0.0, 0.0, 1.0]], [[0.0418995239180253, -0.9950153922873735, -0.0904921054061147, 1.1820546728068955], [-0.6546619036807368, -0.09576120438560032, 0.7498316670194182, -60.54524648241751], [-0.7547596861641077, 0.027856815746669632, -0.6554095902688222, 146.89126732639536], [0.0, 0.0, 0.0, 1.0]], [[0.04285921169942095, -0.9950514951021145, -0.08964168787593398, 0.9922832007800277], [-0.6696578166733562, -0.09519706813301755, 0.7365431918119438, -57.579910736600006], [-0.7414320328939368, 0.028494267962929195, -0.670422652504338, 148.89860324416662], [0.0, 0.0, 0.0, 1.0]], [[0.04380161036883857, -0.9950884083016137, -0.08877218446135089, 0.799975175601493], [-0.6843835730338205, -0.09462026895030529, 0.7229564839214729, -54.57493925601447], [-0.7278052675822821, 0.029120238067494506, -0.6851652490810723, 150.84585536376494], [0.0, 0.0, 0.0, 1.0]], [[0.044726339739319075, -0.9951261169941719, -0.08788394594157366, 0.6052081790906083], [-0.6988332320273721, -0.09403103953253655, 0.7090770245624043, -51.53154432056564], [-0.7138848876036987, 0.02973447352852497, -0.699631432470507, 152.732238115467], [0.0, 0.0, 0.0, 1.0]], [[0.04563302675213614, -0.9951646059671695, -0.0869773306540159, 0.40806078507661847], [-0.7130009643037684, -0.09342961758944911, 0.694910413052329, -48.450953711131625], [-0.6996765087841685, 0.03033672654822586, -0.7138153666560494, 154.55699048576002], [0.0, 0.0, 0.0, 1.0]], [[0.04652130562729725, -0.995203859693201, -0.08605270434973435, 0.20861252770006522], [-0.7268810542489856, -0.09281624574954733, 0.6804623645531261, -45.33441021424629], [-0.6851858631355376, 0.030926754162815904, -0.7277113294874239, 156.3193763243529], [0.0, 0.0, 0.0, 1.0]], [[0.047390818011108456, -0.9952438623363418, -0.08511044004587592, 0.0069438693267454], [-0.7404679022910386, -0.09219117146221982, 0.6657387077653254, -42.18317112072868], [-0.6704187965430802, 0.03150431834054506, -0.7413137149891306, 158.01868464115793], [0.0, 0.0, 0.0, 1.0]], [[0.048241213120745384, -0.995284597758535, -0.08415091787519167, -0.19686383191317858], [-0.7537560271589878, -0.09155464689791294, 0.6507453825766641, -38.998507718460566], [-0.6553812664071242, 0.03206918607772491, -0.754617035622033, 159.65422989312157], [0.0, 0.0, 0.0, 1.0]]]], ["pivot", [[[0.04824121312074538, -0.9952845977585351, -0.08415091787519166, -0.19686383191317836], [-0.7537560271589878, -0.09155464689791294, 0.6507453825766643, -38.998507718460566], [-0.6553812664071242, 0.03206918607772492, -0.7546170356220332, 159.6542298931216], [0.0, 0.0, 0.0, 1.0]], [[0.04913555017778703, -0.9953292826365582, -0.08309836939615568, -0.4187250527299835], [-0.7677307811919439, -0.09085640882933639, 0.634298444605687, -35.531743184934854], [-0.6388858377038363, 0.03266324417068337, -0.7686077705241999, 161.3475302717677], [0.0, 0.0, 0.0, 1.0]], [[0.050006883898126804, -0.9953747779448143, -0.08202673441511078, -0.6428741998952467], [-0.7813460891191896, -0.0901455071200441, 0.6175532643011022, -32.02922791547191], [-0.6220912872672114, 0.033242024866531286, -0.7822386481717496, 162.96527217367722], [0.0, 0.0, 0.0, 1.0]], [[0.05085480632960761, -0.9954210623827289, -0.08093651466381831, -0.8692063283965474], [-0.7945955763519215, -0.08942227460907996, 0.6005176816353472, -28.492601762415788], [-0.605005478184427, 0.03380525718432135, -0.7955032866862485, 164.5066981837796], [0.0, 0.0, 0.0, 1.0]]]], ["pivot", [[[0.0508548063296076, -0.9954210623827289, -0.08093651466381831, -0.8692063283965477], [-0.7945955763519215, -0.08942227460907996, 0.6005176816353474, -28.492601762415795], [-0.605005478184427, 0.03380525718432134, -0.7955032866862484, 164.50669818377958], [0.0, 0.0, 0.0, 1.0]], [[0.051652922248559344, -0.9954665969984752, -0.07986395967123876, -1.090318199163046], [-0.8070667957533151, -0.08871075868783486, 0.58375812539183, -25.037546441375277], [-0.5881965092584829, 0.03433540797978671, -0.8079887672873937, 165.9892650630771], [0.0, 0.0, 0.0, 1.0]], [[0.052428379000407054, -0.9955128307689215, -0.07877493905826775, -1.3133646864331627], [-0.8191839469827837, -0.08798831789785046, 0.5667412802512914, -21.552261142080617], [-0.5711294927851199, 0.034850509831261735, -0.8201197747244305, 167.39899515696027], [0.0, 0.0, 0.0, 1.0]], [[0.05318083638470778, -0.995559743410861, -0.07766993058887345, -1.538247937536735], [-0.83094171412786, -0.08725526918094997, 0.5494746116697234, -18.038274893197524], [-0.5538119162309827, 0.035350336758538506, -0.8318909870060381, 168.7352700030826], [0.0, 0.0, 0.0, 1.0]], [[0.05390996429106551, -0.9956073143432599, -0.07654941904105254, -1.764869293997387], [-0.8423349389413796, -0.0865119341327576, 0.5319656947030978, -14.497129314778263], [-0.5362513769858678, 0.03583466948266732, -0.8432972399865398, 169.99750336463137], [0.0, 0.0, 0.0, 1.0]], [[0.054615442843953865, -0.9956555226962863, -0.07541389599415363, -1.9931293348149617], [-0.8533586231044571, -0.08575863886161153, 0.5142222106841173, -10.930377941937977], [-0.5184555790296751, 0.03630329552215665, -0.8543335296314661, 171.18514148751578], [0.0, 0.0, 0.0, 1.0]], [[0.05529696254304857, -0.9957043473204656, -0.07426385961321631, -2.222927920082489], [-0.8640079304192957, -0.08499571384549685, 0.496251943852339, -7.339585543303656], [-0.5004323295525962, 0.036756009286190716, -0.864995014212872, 172.29766334330384], [0.0, 0.0, 0.0, 1.0]], [[0.05595422439900822, -0.9957537667959582, -0.07309981443042143, -2.4541642349185375], [-0.8742781889308736, -0.08422349378706177, 0.47806277793915214, -3.7263274345348165], [-0.4821895355300236, 0.03719261216482425, -0.8752770164334503, 173.3345808578028], [0.0, 0.0, 0.0, 1.0]], [[0.05658694006464391, -0.9958037594419584, -0.07192227112374797, -2.6867368336956856], [-0.8841648929765783, -0.08344231746678024, 0.4596626927091092, -0.09218878721728885], [-0.46373520025368503, 0.037612912616114574, -0.8851750254785088, 174.29543912518224], [0.0, 0.0, 0.0, 1.0]], [[0.057194831961419904, -0.9958543033262043, -0.07073174629293344, -2.920543684545707], [-0.8936637051628836, -0.08265252759432569, 0.44105976045912465, 3.56123606656719], [-0.4450774198205193, 0.038016726250152996, -0.8946846989949078, 175.1798166075455], [0.0, 0.0, 0.0, 1.0]], [[0.057777633401228254, -0.9959053762746014, -0.06952876223283985, -3.155482214121344], [-0.9027704582682065, -0.0818544706582205, 0.4222621424770796, 7.232344333689916], [-0.4262243795808408, 0.03840387590995481, -0.9038018649960924, 175.98732531986235], [0.0, 0.0, 0.0, 1.0]]]], ["pivot", [[[0.05777763340122824, -0.9959053762746013, -0.06952876223283984, -3.155482214121344], [-0.9027704582682065, -0.0818544706582205, 0.4222621424770796, 7.23234433368993], [-0.4262243795808407, 0.038403875909954824, -0.9038018649960925, 175.98732531986235], [0.0, 0.0, 0.0, 1.0]], [[0.05831647762247496, -0.9959551868324708, -0.06835551515697755, -3.3834198494996004], [-0.91119034358407, -0.08107613961514192, 0.4039291893963451, 10.794057855670445], [-0.40783737417853255, 0.03876182840711723, -0.9122313776890015, 176.75944268283956], [0.0, 0.0, 0.0, 1.0]], [[0.05883145621994019, -0.9960054496593553, -0.06717161753550133, -3.6123083894468446], [-0.9192373088475168, -0.08029074149573587, 0.38542981275740085, 14.37063004570657], [-0.38928345447549695, 0.039103930346917344, -0.9202875437890257, 177.4592036494144], [0.0, 0.0, 0.0, 1.0]], [[0.059322358429976546, -0.9960561441843484, -0.06597755389841303, -3.842054157480686], [-0.9269080607027498, -0.07949859773738456, 0.3667715837410946, 17.960597131510518], [-0.37057021397524703, 0.03943004171838587, -0.9279670661747711, 178.08632183064884], [0.0, 0.0, 0.0, 1.0]], [[0.05978898334260297, -0.9961072496598637, -0.06477381293632738, -4.072563126283732], [-0.9341994597656339, -0.07870003253823636, 0.34796213854128005, 21.562489858708165], [-0.35170531138601124, 0.03974002905496239, -0.9352668018726158, 178.64054056788598], [0.0, 0.0, 0.0, 1.0]], [[0.06023113998373038, -0.9961587451701256, -0.06356088730046683, -4.303740956185843], [-0.9411085219085403, -0.07789537272452221, 0.3290091752395754, 25.17483409215626], [-0.33269646748627657, 0.0400337654891188, -0.9421837633430229, 179.1216330377917], [0.0, 0.0, 0.0, 1.0]], [[0.060648647393321146, -0.9962106096397317, -0.06233927340103616, -4.535493033774237], [-0.947632419481652, -0.07708494761679648, 0.3099204506547947, 28.79615141925691], [-0.3135514619649309, 0.040311130804281954, -0.9487151197032426, 179.52940234518582], [0.0, 0.0, 0.0, 1.0]], [[0.06104133469944994, -0.9962628218422754, -0.06110947120405795, -4.76772451061561], [-0.953768482470226, -0.07626908889515703, 0.2907037771683389, 32.424959755022826], [-0.2942781302372949, 0.040572011484034345, -0.9548581978858981, 179.86368160362514], [0.0, 0.0, 0.0, 1.0]], [[0.06140904118823603, -0.996315360409036, -0.05987198402675322, -5.000340342074455], [-0.9595141995873424, -0.07544813046349962, 0.2713670195268481, 36.05977394864547], [-0.2748843602383459, 0.04081630075857263, -0.9606104837329834, 180.12433400370418], [0.0, 0.0, 0.0, 1.0]], [[0.061751616369618026, -0.996368203837721, -0.05862731833155036, -5.233245326211679], [-0.964867219301691, -0.07462240831286196, 0.251918091623421, 39.69910639131806], [-0.2553780891944485, 0.0410438986484049, -0.9659696230248247, 180.31125286904688], [0.0, 0.0, 0.0, 1.0]], [[0.06206892003894459, -0.9964213305012699, -0.05737598351880689, -5.466344142747596], [-0.9698253507999732, -0.07379226038391389, 0.23236495325872153, 43.34146762506444], [-0.23576730037491042, 0.04125471200526905, -0.9709334224435846, 180.42436169996571], [0.0, 0.0, 0.0, 1.0]], [[0.0623608223343554, -0.9964747186567015, -0.05611849171832872, -5.69954139207335], [-0.9743865648835321, -0.07295802642864935, 0.21271560688329652, 46.985366952324796], [-0.2160600198246965, 0.04144865455025514, -0.9754998504709131, 180.46361420477018], [0.0, 0.0, 0.0, 1.0]], [[0.06262720378992948, -0.9965283464540166, -0.05485535757977259, -5.9327416342948105], [-0.9785489947988336, -0.07212004787133731, 0.19297809432243868, 50.629313046048644], [-0.19626431307963405, 0.04162564690911668, -0.9796670382193833, 180.4289943187131], [0.0, 0.0, 0.0, 1.0]], [[0.0628679553845785, -0.9965821919451379, -0.053587098062016864, -6.16584942829296], [-0.9823109370014685, -0.07127866766878804, 0.1731604934849338, 54.271814560045605], [-0.1763882818654572, 0.041785616644755684, -0.9834332801973616, 180.32051621056468], [0.0, 0.0, 0.0, 1.0]], [[0.06308297858666653, -0.9966362330928921, -0.05231423222158409, -6.398769370785406], [-0.9856708518533552, -0.07043423016999281, 0.1532709150570414, 57.91138073934374], [-0.15644006078203898, 0.041928498286872444, -0.9867970350070113, 180.13822427681401], [0.0, 0.0, 0.0, 1.0]]]], ["pivot", [[[0.06308297858666652, -0.9966362330928918, -0.05231423222158408, -6.398769370785406], [-0.9856708518533555, -0.07043423016999281, 0.1532709150570414, 57.911380739343755], [-0.15644006078203898, 0.04192849828687244, -0.9867970350070113, 180.13822427681401], [0.0, 0.0, 0.0, 1.0]], [[0.06327755346317034, -0.9966921051116501, -0.05099824534437362, -6.638568935100563], [-0.9887112493216867, -0.06956118382536967, 0.13270753542134808, 61.658446740838095], [-0.13581605177099973, 0.042057800989201935, -0.9898409068788987, 179.97445511803858], [0.0, 0.0, 0.0, 1.0]], [[0.06344462737172966, -0.9967481371411269, -0.04967849186507922, -6.878098344792273], [-0.9913219214976815, -0.06868563717727867, 0.11208529942672835, 65.4012913707889], [-0.11513301280570458, 0.04216883823533284, -0.9924545619642371, 179.7324478357453], [0.0, 0.0, 0.0, 1.0]], [[0.06358412769673644, -0.9968043048280284, -0.04835554539032951, -7.117253492798638], [-0.9935017337005912, -0.06780797076600166, 0.09141317014958246, 69.13828787046924], [-0.09439993338944916, 0.04226156176496398, -0.994636864285812, 179.41230761395798], [0.0, 0.0, 0.0, 1.0]], [[0.06369599380693457, -0.9968605837601006, -0.04702998091453005, -7.355930434723732], [-0.9952497385150472, -0.0669285660531367, 0.0707001323515102, 72.86781202293469], [-0.07362582477469251, 0.04233593127751492, -0.9963868653459702, 179.01417359574853], [0.0, 0.0, 0.0, 1.0]], [[0.06378017708177232, -0.9969169494767381, -0.04570237456995246, -7.594025434015128], [-0.9965651762028374, -0.06604780525580276, 0.04995518857424921, 76.58824285895945], [-0.052819716046481995, 0.04239191444964191, -0.9977038045388681, 178.53821882276105], [0.0, 0.0, 0.0, 1.0]], [[0.06383664093253429, -0.9969733774796176, -0.044373303376329214, -7.831435007051082], [-0.9974474750331134, -0.06516607118051601, 0.029187355226885467, 80.29796336156078], [-0.03199065019812697, 0.04242948694928666, -0.9985871094810554, 177.98465016000264], [0.0, 0.0, 0.0, 1.0]], [[0.06386536172476714, -0.9970298431237551, -0.04304334471666538, -8.068056046124852], [-0.997896297200522, -0.06428374920167809, 0.008405660898338137, 83.99536230946842], [-0.01114768232231534, 0.04244863282990553, -0.999036403037551, 177.35370948003464], [0.0, 0.0, 0.0, 1.0]]]], ["fingerGait", [[[0.06386536172476717, -0.9970298431237551, -0.043043344716665426, -8.068056046124847], [-0.9978962972005219, -0.06428374920167806, 0.008405660898337983, 83.99536230946838], [-0.01114768232231554, 0.042448632829905554, -0.9990364030375509, 177.35370948003464], [0.0, 0.0, 0.0, 1.0]], [[0.06386536172476717, -0.9970298431237551, -0.043043344716665426, -8.068056046124847], [-0.9978962972005219, -0.06428374920167806, 0.008405660898337983, 83.99536230946838], [-0.01114768232231554, 0.042448632829905554, -0.9990364030375509, 177.35370948003464], [0.0, 0.0, 0.0, 1.0]]]], ["pivot", [[[0.06386536172476717, -0.9970298431237552, -0.04304334471666543, -8.068056046124847], [-0.9978962972005218, -0.06428374920167806, 0.008405660898337984, 83.99536230946836], [-0.01114768232231554, 0.04244863282990556, -0.9990364030375511, 177.3537094800347], [0.0, 0.0, 0.0, 1.0]], [[0.06420733760980617, -0.9970298850803787, -0.04944231254385111, -6.944797311376428], [-0.9983310565405157, -0.06428379284921387, 0.0018064615966492106, 85.16115139328888], [-0.004981624624517052, 0.0424486346916848, -0.999203281829731, 177.32527973596893], [0.0, 0.0, 0.0, 1.0]]]]]