[["init", [[[-0.0006106992532275522, 0.12936416324770222, -0.9915969448550035, 128.928139305827], [-7.967067917092126e-05, -0.9915971800142018, -0.12936414346828545, 3.6561751288027224], [-0.9999998291053133, 1.9652858420510233e-10, 0.0006158741948837573, 46.998243512503294], [0.0, 0.0, 0.0, 1.0]]]], ["setGripper", 29.8351866165], ["fingerGait", [[[-0.000610699253227552, 0.12936416324770222, -0.9915969448550034, 128.928139305827], [-7.967067917092473e-05, -0.9915971800142018, -0.12936414346828545, 3.656175128802723], [-0.9999998291053133, 1.9652858420510233e-10, 0.0006158741948837577, 46.998243512503294], [0.0, 0.0, 0.0, 1.0]], [[-0.03954013934338971, 0.1293641632238758, -0.9908084837072321, 130.24890372351067], [-0.005158421528403314, -0.9915971800173102, -0.12926128052851324, 3.7555079650685275], [-0.9992046864679816, 3.4935630765023917e-10, 0.03987520598194242, 46.55278981456529], [0.0, 0.0, 0.0, 1.0]], [[-0.07840861141234876, 0.12936416320601735, -0.988492267884037, 131.56966814119434], [-0.010229218465464372, -0.99159718001964, -0.1289591060821259, 3.854840801334332], [-0.9968688428199781, 5.030095537345899e-10, 0.0790730530992541, 46.10733611662728], [0.0, 0.0, 0.0, 1.0]], [[-0.1171561831008885, 0.12936416319415436, -0.9846518688218897, 132.89043255887802], [-0.015284242689990523, -0.9915971800211877, -0.12845808606015963, 3.9541736376001366], [-0.9929958998624538, 6.572514003192363e-10, 0.11814897531521491, 45.661882418689274], [0.0, 0.0, 0.0, 1.0]], [[-0.15572310846939308, 0.12936416318830515, -0.9792932081370481, 134.2111969765617], [-0.02031569972199466, -0.9915971800219509, -0.12775899299907734, 4.053506473865942], [-0.9875918293919883, 8.118440176860643e-10, 0.15704272039755815, 45.21642872075127], [0.0, 0.0, 0.0, 1.0]], [[-0.19404992012174388, 0.1293641631884787, -0.9724245484948548, 135.53196139424537], [-0.025315831420387833, -0.9915971800219282, -0.12686290484957358, 4.152839310131746], [-0.9806649640925134, 9.665490352539057e-10, 0.19569431701791767, 44.77097502281326], [0.0, 0.0, 0.0, 1.0]], [[-0.23207752089972267, 0.1293641631946748, -0.9640564808693074, 136.85272581192905], [-0.030276927945468993, -0.9915971800211199, -0.12577120331445285, 4.252172146397551], [-0.9722259846869201, 1.1211279091286507e-09, 0.23404416722325785, 44.325521324875254], [0.0, 0.0, 0.0, 1.0]], [[-0.2697472750065347, 0.12936416320688385, -0.9542019082125462, 138.17349022961272], [-0.035191339646937506, -0.991597180019527, -0.12448557171814438, 4.351504982663355], [-0.9622879034681606, 1.275342289920597e-09, 0.27203313833158604, 43.88006762693725], [0.0, 0.0, 0.0, 1.0]], [[-0.3070010984189463, 0.12936416322508704, -0.9428760255594404, 139.4942546472964], [-0.04005148885909799, -0.9915971800171522, -0.12300799241113812, 4.45083781892916], [-0.9508660442352374, 1.428954390261887e-09, 0.30960265411025084, 43.43461392899924], [0.0, 0.0, 0.0, 1.0]], [[-0.34378154844862713, 0.1293641632492563, -0.9300962965979475, 140.81501906498008], [-0.04484988158507014, -0.9915971800139991, -0.12134074371334438, 4.5501706551949646], [-0.9379780186650192, 1.581727351457348e-09, 0.3466947850962357, 42.989160231061234], [0.0, 0.0, 0.0, 1.0]], [[-0.38003191231460137, 0.12936416327935435, -0.9158824267413764, 142.13578348266375], [-0.04957911905198725, -0.9915971800100725, -0.1194863964010901, 4.649503491460769], [-0.9236436991563153, 1.7334256087033867e-09, 0.3832523379191812, 42.54370653312323], [0.0, 0.0, 0.0, 1.0]], [[-0.4156962945902343, 0.1293641633153348, -0.9002563327440722, 143.45654790034743], [-0.054231909119366345, -0.9915971800053783, -0.11744780974316855, 4.748836327726574], [-0.9078851881880808, 1.883815254311798e-09, 0.41921894348940547, 42.09825283518522], [0.0, 0.0, 0.0, 1.0]], [[-0.4507197033899182, 0.12936416335714215, -0.8832421089073732, 144.7773123180311], [-0.058801077523058805, -0.9915971799999241, -0.11522812709205471, 4.848169163992378], [-0.890726784239, 2.0326643983784187e-09, 0.45453914391494415, 41.652799137247214], [0.0, 0.0, 0.0, 1.0]], [[-0.4850481351625631, 0.129364163404712, -0.8648659899279496, 146.09807673571478], [-0.06327957893744433, -0.9915971799937181, -0.11283077103708412, 4.947502000258183], [-0.8721949443209983, 2.1797435263405108e-09, 0.4891584780135893, 41.20734543930921], [0.0, 0.0, 0.0, 1.0]], [[-0.5186286579611485, 0.12936416345797092, -0.8451563104458079, 147.41884115339846], [-0.06766050783881104, -0.9915971799867699, -0.11025943812706891, 5.0468348365239875], [-0.8523182431844527, 2.3248258528715356e-09, 0.5230235652880746, 40.7618917413712], [0.0, 0.0, 0.0, 1.0]], [[-0.5514094930599385, 0.12936416351683683, -0.8241434613543349, 148.73960557108214], [-0.07193710915317114, -0.9915971799790902, -0.10751809317048815, 5.146167672789792], [-0.831127329258003, 2.4676876715676453e-09, 0.5560821882349225, 40.316438043433195], [0.0, 0.0, 0.0, 1.0]], [[-0.5833400947935139, 0.12936416358121897, -0.8018598429397492, 150.0603699887658], [-0.07610278867209418, -0.991597179970691, -0.10461096312204131, 5.245500509055597], [-0.8086548773909026, 2.6081086998867023e-09, 0.5882833728600402, 39.87098434549519], [0.0, 0.0, 0.0, 1.0]], [[-0.6143712284945153, 0.12936416365101805, -0.7783398149222139, 151.3811344064495], [-0.08015112322049714, -0.9915971799615849, -0.10154253056499132, 5.344833345321401], [-0.7849355384707752, 2.745872418807948e-09, 0.6195774672769137, 39.42553064755718], [0.0, 0.0, 0.0, 1.0]], [[-0.6444550464099218, 0.12936416372612644, -0.7536196434756455, 152.70189882413317], [-0.08407587056071368, -0.9915971799517863, -0.09831752679934694, 5.444166181587206], [-0.7600058859944646, 2.8807664066886005e-09, 0.6499162182662085, 38.980076949619175], [0.0, 0.0, 0.0, 1.0]], [[-0.673545161478809, 0.12936416380642832, -0.7277374453079092, 154.02266324181684], [-0.08787097901757095, -0.9915971799413101, -0.09494092454654195, 5.54349901785301], [-0.7339043596743601, 3.012582666802587e-09, 0.6792528456787272, 38.53462325168117], [0.0, 0.0, 0.0, 1.0]], [[-0.7015967224810744, 0.12936416324770222, -0.7007330632454113, 155.34342765950063], [-0.09153059208022997, -0.9915971800142018, -0.09141792444167207, 5.6428318541188185], [-0.7066711717165781, 1.9652858420510233e-10, 0.7075420926206851, 38.089169553743176], [0.0, 0.0, 0.0, 1.0]]]], ["closeGripper", 0], ["pivot", [[[-0.7015967224810744, 0.12936416324770222, -0.7007330632454112, 155.34342765950063], [-0.09153059208022998, -0.9915971800142018, -0.09141792444167207, 5.642831854118819], [-0.7066711717165782, 1.965285842246249e-10, 0.7075420926206852, 38.089169553743176], [0.0, 0.0, 0.0, 1.0]], [[-0.687227940618546, 0.12934586555025343, -0.7148337406525609, 154.53651698370723], [-0.09096444274861709, -0.9915979009710923, -0.09197351005027381, 5.611038482972836], [-0.7207240685621819, 0.001817691181516945, 0.6932196422047981, 42.00529548192337], [0.0, 0.0, 0.0, 1.0]], [[-0.6725791786048314, 0.12929097994273947, -0.7286432334028576, 153.65093522297303], [-0.09038726182341407, -0.9916000635407896, -0.09251762259175342, 5.576145365423089], [-0.7344844086988572, 0.003634644327803528, 0.6786157996917417, 45.90435759452626], [0.0, 0.0, 0.0, 1.0]], [[-0.6576563826734368, 0.1291995287043563, -0.7421559359394351, 152.68704185313175], [-0.08979928359421846, -0.9916036668454624, -0.09305004119964984, 5.538166665302984], [-0.7479466065217936, 0.005450122096771261, 0.6637364930812732, 49.784773182121896], [0.0, 0.0, 0.0, 1.0]], [[-0.6424656102938665, 0.12907154895704073, -0.7553663631786729, 151.64522813830845], [-0.08920074673347536, -0.9916087094224556, -0.0935705497543099, 5.497117798947288], [-0.7611051974482718, 0.007263387548689046, 0.6485877621896885, 53.64496710428803], [0.0, 0.0, 0.0, 1.0]], [[-0.6270130277127708, 0.12890709265040187, -0.7682691527367047, 150.5259169720972], [-0.08859189419959534, -0.9916151892248828, -0.09407893697061577, 5.453015428934333], [-0.7739548401358503, 0.009073704641850753, 0.6331757561981336, 57.48337242899184], [0.0, 0.0, 0.0, 1.0]], [[-0.6113049074509416, 0.12870622654063393, -0.7808590671061214, 149.32956270590026], [-0.0879729731383327, -0.99162310362246, -0.09457499648375, 5.405877457322331], [-0.786490318650526, 0.010880338531349619, 0.6175067311565292, 61.29843106864004], [0.0, 0.0, 0.0, 1.0]], [[-0.595347625757165, 0.12846903216341823, -0.7931309957819807, 148.056650964497], [-0.08734423478246384, -0.99163244940257, -0.09505852693296309, 5.355723018382552], [-0.7987065445839895, 0.012682555867366963, 0.6015870474441085, 65.08859441253844], [0.0, 0.0, 0.0, 1.0]], [[-0.5791476615005845, 0.1281956062040947, -0.8050799587213323, 146.70769885170046], [-0.08670593441796323, -0.9916432227754507, -0.09552933177922256, 5.302572452881665], [-0.8105985652338958, 0.014479624939903478, 0.5854231720568039, 68.85232442053899], [0.0, 0.0, 0.0, 1.0]]]], ["pivot", [[[-0.5791476615005846, 0.12819560620409473, -0.8050799587213323, 146.70769885170048], [-0.08670593441796325, -0.9916432227754509, -0.09552933177922258, 5.302572452881664], [-0.8105985652338957, 0.014479624939903476, 0.5854231720568038, 68.85232442053898], [0.0, 0.0, 0.0, 1.0]], [[-0.5617264608714595, 0.127866507263005, -0.8173820438960163, 145.19607034542597], [-0.08601951569104793, -0.9916561897161904, -0.09601405047478206, 5.243012257408744], [-0.8228389837342482, 0.016377178741252982, 0.5680385371975439, 72.81613429221402], [0.0, 0.0, 0.0, 1.0]], [[-0.5440481620492343, 0.12749701171889763, -0.8293105417622909, 143.6002449365408], [-0.0853229669496659, -0.9916707483374004, -0.09648404932811658, 5.180134590773492], [-0.8347044722446708, 0.018267270213298815, 0.5503950732268282, 76.74675059465503], [0.0, 0.0, 0.0, 1.0]], [[-0.5261208202239649, 0.12708728793394725, -0.8408600170507133, 141.92094976950017], [-0.08461660557913529, -0.9916868920053854, -0.09693911418230261, 5.113968103445062], [-0.8461896242061944, 0.02014903812803576, 0.532500819462068, 80.64238232626894], [0.0, 0.0, 0.0, 1.0]], [[-0.5079526040631824, 0.12663752260049285, -0.8520252071950468, 140.15895002209993], [-0.08390075343593925, -0.9917046133642154, -0.09737903768515506, 5.044542944457362], [-0.8572892063617723, 0.02202162505012193, 0.5143639294940826, 84.50125442632724], [0.0, 0.0, 0.0, 1.0]], [[-0.489551791989807, 0.12614792065597094, -0.8628010247301727, 138.31504855682073], [-0.08317573670107083, -0.9917239043390804, -0.09780361938370839, 4.971890747671549], [-0.8679981611408379, 0.02388417772757278, 0.49599266747188303, 88.32160858377978], [0.0, 0.0, 0.0, 1.0]], [[-0.47092676841004866, 0.12561870518953475, -0.8731825596102134, 136.39008555499993], [-0.08244188573140725, -0.9917447561399675, -0.09821266581555362, 4.896044617361904], [-0.8783116089638054, 0.025735847480548867, 0.4773954043370762, 92.10170403843642], [0.0, 0.0, 0.0, 1.0]], [[-0.45208601989301933, 0.12505011734040278, -0.8831650814458156, 134.38493813399967], [-0.08169953490918136, -0.9917671592656675, -0.09860599059699043, 4.817039113131746], [-0.888224850465471, 0.02757579058806034, 0.4585806140096121, 95.8398183741516], [0.0, 0.0, 0.0, 1.0]], [[-0.4330381313037913, 0.12444241618798274, -0.8927440416595719, 132.3005199475447], [-0.08094902248961904, -0.9917911035081035, -0.0989834145079536, 4.734910234166201], [-0.8977333686362979, 0.029403168672411936, 0.4395568695266065, 99.53424830365049], [0.0, 0.0, 0.0, 1.0]], [[-0.4137917818916688, 0.12379587863382092, -0.901915075558599, 130.13778076941222], [-0.08019069044681174, -0.9918165779569816, -0.0993447655736753, 4.649695402829027], [-0.9068328308806115, 0.031217149081213195, 0.42033283913600167, 103.18331044463883], [0.0, 0.0, 0.0, 1.0]]]], ["pivot", [[[-0.4137917818916687, 0.12379587863382091, -0.9019150755585987, 130.1377807694122], [-0.08019069044681174, -0.9918165779569816, -0.0993447655736753, 4.649695402829027], [-0.9068328308806115, 0.031217149081213192, 0.4203328391360018, 103.18331044463883], [0.0, 0.0, 0.0, 1.0]], [[-0.3950084209531784, 0.12313431952914841, -0.910387911004818, 127.97353344796372], [-0.07945060077233505, -0.9918426442751461, -0.09967860668165511, 4.5644211486174076], [-0.9152354442156817, 0.032956981452314606, 0.40156930698269955, 106.69409154831642], [0.0, 0.0, 0.0, 1.0]], [[-0.3760558345634305, 0.12243703384252477, -0.9184721246902813, 125.73737052019528], [-0.07870384338756177, -0.9918701182686728, -0.09999713556977427, 4.4763133228290375], [-0.9232484407964826, 0.03468278399947824, 0.3826348263253928, 110.15943922100467], [0.0, 0.0, 0.0, 1.0]], [[-0.3569420908596904, 0.12170431840924818, -0.926164275156163, 123.43024392317123], [-0.07795073618794744, -0.9918989882418514, -0.10030021663992812, 4.385409433064096], [-0.9308684094813893, 0.03639382204662573, 0.3635374575937158, 113.57787826031588], [0.0, 0.0, 0.0, 1.0]], [[-0.337675326584073, 0.12093648514709977, -0.9334610878453897, 121.05313580326946], [-0.0771915997720709, -0.9919292419047022, -0.10058772087016547, 4.291748177210328], [-0.9380921064411941, 0.038089367202942905, 0.34428533055893973, 116.94795343292013], [0.0, 0.0, 0.0, 1.0]], [[-0.3182637436197217, 0.12013386092355963, -0.9403594564966219, 118.60705809808044], [-0.07642675730515514, -0.9919608663782066, -0.10085952586961323, 4.195369426969311], [-0.9449164565400052, 0.039768697672956585, 0.32488664087311825, 120.26823009403965], [0.0, 0.0, 0.0, 1.0]], [[-0.29871560549925846, 0.11929678741665926, -0.9468564444665948, 116.09305210562461], [-0.07565653438149544, -0.9919938481997912, -0.10111551593057866, 4.0963142108830315], [-0.9513385546443383, 0.04143109856380374, 0.3053496465801901, 123.53729479817898], [0.0, 0.0, 0.0, 1.0]], [[-0.27903923388698804, 0.11842562096952863, -0.9529492859802483, 113.5121880410703], [-0.0748812588858536, -0.9920281733290579, -0.10135558207780587, 3.9946246968679864], [-0.9573556668598332, 0.043075862189562164, 0.28568266460051994, 126.75375590083006], [0.0, 0.0, 0.0, 1.0]], [[-0.25924300503635567, 0.11752073243870048, -0.9586353873081216, 110.86556458114188], [-0.07410126085387687, -0.99206382715376, -0.10157962211486693, 3.890344174264249], [-0.9629652316950763, 0.04470228837251314, 0.2658940671903762, 129.9162441508969], [0.0, 0.0, 0.0, 1.0]], [[-0.23933534622416847, 0.11658250703623654, -0.9639123278705081, 108.15430839641246], [-0.07331687233160163, -0.9921007944960247, -0.10178754066766703, 3.7835170354071543], [-0.9681648611520314, 0.046309684741207904, 0.24599227837785315, 133.02341327358735], [0.0, 0.0, 0.0, 1.0]], [[-0.21932473216309212, 0.11561134416574201, -0.9687778612678959, 105.37957367167806], [-0.07252842723410081, -0.992139059618813, -0.10197924922504521, 3.674188756729432], [-0.9729523417426115, 0.047897367025210975, 0.22598577037675122, 136.07394054352386], [0.0, 0.0, 0.0, 1.0]], [[-0.1992196813939576, 0.11460765725233925, -0.9732299162372658, 102.54254161462063], [-0.07173626120333601, -0.9921786062326192, -0.10215466617645379, 3.562405879401833], [-0.9773256354309637, 0.04946465934639481, 0.2058830599799469, 139.06652734782904], [0.0, 0.0, 0.0, 1.0]], [[-0.17902875265940865, 0.11357187356667206, -0.9772665975338277, 99.6444199529662], [-0.07094071146527427, -0.9922194175024054, -0.10231371684669992, 3.4482159895205085], [-0.9812828805010643, 0.05101089450666186, 0.18569270493378418, 141.99989973894657], [0.0, 0.0, 0.0, 1.0]], [[-0.15876054126043407, 0.11250443404301619, -0.9808861867378301, 96.68644242035394], [-0.07014211668633062, -0.9922614760547684, -0.10245633352773507, 3.3316676978495483], [-0.9848223923492518, 0.05253541427197161, 0.16542330029503324, 144.87280897696223], [0.0, 0.0, 0.0, 1.0]], [[-0.13842367539734043, 0.11140579309157309, -0.9840871429860922, 93.66986823113433], [-0.0693408168291974, -0.9923047639853355, -0.1025824555074783, 3.2128106191273247], [-0.9879426642013663, 0.05403756965255149, 0.1450834747719633, 147.6840320611939], [0.0, 0.0, 0.0, 1.0]], [[-0.11802681249671643, 0.11027641840502701, -0.9868681036279526, 90.59598154432032], [-0.06853715300812181, -0.9923492628663859, -0.10269202909566148, 3.0916953509454523], [-0.9906423677541836, 0.055516721179172605, 0.12468188705109406, 150.4323722508242], [0.0, 0.0, 0.0, 1.0]], [[-0.09757863552595665, 0.10911679075944763, -0.989227884805349, 87.46609091691924], [-0.06773146734369309, -0.9923949537546962, -0.10278500764668534, 2.9683734522093235], [-0.9929203537408754, 0.05697223917537242, 0.10422722211118134, 153.11665957435437], [0.0, 0.0, 0.0, 1.0]], [[-0.07708784929691308, 0.10792740380962326, -0.9911654819567898, 84.2815287468787], [-0.06692410281720146, -0.9924418171996038, -0.10286135157947648, 2.8428974211894302], [-0.9947756524202546, 0.05840350402550882, 0.08372818752601256, 155.73575132766268], [0.0, 0.0, 0.0, 1.0]], [[-0.05656317676024672, 0.10670876387891132, -0.9926800702449963, 81.04365070588337], [-0.06611540312463068, -0.9924898332512879, -0.1029210283943372, 2.715320673172796], [-0.9962074739895941, 0.059809906438531166, 0.06319350975758314, 158.28853256045463], [0.0, 0.0, 0.0, 1.0]], [[-0.036013355292057174, 0.10546138974369594, -0.9937710049080366, 77.75383516224375], [-0.06530571253034613, -0.9925389814692614, -0.1029640126867805, 2.5856975177240207], [-0.9972152089208475, 0.06119084770735612, 0.042631930441231536, 160.77391655089863], [0.0, 0.0, 0.0, 1.0]], [[-0.01544713297437313, 0.10418581241254445, -0.9944378215338024, 74.4134825941236], [-0.06449537572054119, -0.992589240931073, -0.10299028615834493, 2.4540831355656403], [-0.9977984282201247, 0.06254573996373795, 0.022052202664315484, 163.19084526824463], [0.0, 0.0, 0.0, 1.0]], [[0.005126735128916828, 0.10288257490015618, -0.9946802362577088, 71.02401499335457], [-0.06368473765650388, -0.9926405902412133, -0.10299983762438422, 2.3205335550876387], [-0.9979568836103171, 0.06387400642852481, 0.0014630872400119882, 165.53828982322918], [0.0, 0.0, 0.0, 1.0]], [[0.025699490699105283, 0.10155223199620063, -0.9944981458835365, 67.58687526009274], [-0.06287414342776655, -0.9926930075402238, -0.10299266301882855, 2.1851056284960855], [-0.9976905076367875, 0.06517508165719405, -0.01912665102216897, 167.8152509060745], [0.0, 0.0, 0.0, 1.0]], [[0.046262375891090966, 0.10019535002914286, -0.9938916279273612, 64.10352658857437], [-0.06206393810520075, -0.992746470514001, -0.10296876539591555, 2.0478570076111007], [-0.9969994136960858, 0.0664484117805628, -0.0397082470475756, 170.02075921189598], [0.0, 0.0, 0.0, 1.0]], [[0.06680663706160347, 0.09881250662515684, -0.9928609405845567, 60.57545184423259], [-0.06125446659412025, -0.9928009564032974, -0.10292815492889007, 1.9088461193244024], [-0.9958838959876772, 0.06769345474057054, -0.06027293922771452, 172.1538758533361], [0.0, 0.0, 0.0, 1.0]], [[0.08732352849563921, 0.09740429046222937, -0.9914065226198799, 57.00415293243987], [-0.060446073487454476, -0.9928564420134086, -0.10287084890567343, 1.7681321407269195], [-0.9943444293887003, 0.06890968052103394, -0.08081197315007894, 174.21369276025015], [0.0, 0.0, 0.0, 1.0]], [[0.10780431612952274, 0.09597130101955914, -0.9895289931806888, 53.39115015914516], [-0.05963910291905487, -0.9929129037240486, -0.10279687172150397, 1.6257749739170329], [-0.9923816692518116, 0.07009657137327525, -0.10131660532491034, 176.1993330662725], [0.0, 0.0, 0.0, 1.0]], [[0.12824028126900616, 0.09451414832235776, -0.9872291515333688, 49.73798158367792], [-0.05883389841719672, -0.9929703174994036, -0.10270625486855182, 1.4818352205001866], [-0.9899964511262009, 0.07125362203652866, -0.121778106907314, 178.1099514820997], [0.0, 0.0, 0.0, 1.0]], [[0.14862272430082762, 0.09303345268216145, -0.9845079767230872, 46.04620236399484], [-0.05803080275833886, -0.9930286588983653, -0.10259903692251295, 1.3363741557907205], [-0.9871897904018977, 0.07238033995303009, -0.14218776741313524, 179.94473465533093], [0.0, 0.0, 0.0, 1.0]], [[0.16894296839614706, 0.09152984443276244, -0.9813666271570098, 42.31738409464677], [-0.0572301578212069, -0.9930879030849341, -0.1024752635261865, 1.1894537027274428], [-0.983962881877517, 0.07347624547769628, -0.16253689842702504, 181.70290151671315], [0.0, 0.0, 0.0, 1.0]]]], ["pivot", [[[0.16894296839614717, 0.09152984443276244, -0.9813666271570097, 42.31738409464678], [-0.0572301578212069, -0.993087903084934, -0.1024752635261865, 1.1894537027274432], [-0.983962881877517, 0.07347624547769628, -0.16253689842702507, 181.70290151671315], [0.0, 0.0, 0.0, 1.0]], [[0.18873357380120148, 0.09003884173865118, -0.9778918872455745, 38.63804903161544], [-0.05645038136054638, -0.9931466505956772, -0.10233835410202319, 1.0444829545207577], [-0.9804044894485987, 0.07451705654244208, -0.1823573362952944, 183.4348836990414], [0.0, 0.0, 0.0, 1.0]], [[0.20844846293826358, 0.08852717237014514, -0.974018520501786, 34.92456677314685], [-0.055673588222642366, -0.9932062124011775, -0.10218573824472688, 0.8981667609042623], [-0.9764474692219242, 0.07552756932676946, -0.20210362853881966, 185.0922691063579], [0.0, 0.0, 0.0, 1.0]], [[0.2280796198272714, 0.08699545096481252, -0.9697481018181204, 31.178447203447533], [-0.0549000942478864, -0.9932665642838873, -0.10201747800717843, 0.7505646133456758], [-0.972093430103078, 0.07650737296099129, -0.2217677464091855, 186.67438385364676], [0.0, 0.0, 0.0, 1.0]], [[0.24761906253329685, 0.08544430031328432, -0.9650823675264837, 27.401213476899485], [-0.054130213935246106, -0.9933276817050193, -0.10183364180318945, 0.6017365261754719], [-0.9673441424236369, 0.0774560690616147, -0.24134169456968588, 188.18058466058415], [0.0, 0.0, 0.0, 1.0]], [[0.26705884641196226, 0.08387435110603053, -0.960023214692226, 23.59440139875273], [-0.05336426031439125, -0.9933895398145212, -0.10163430437968522, 0.45174301218533075], [-0.9622015372213603, 0.07837327189332188, -0.26081751434618927, 189.61025911309292], [0.0, 0.0, 0.0, 1.0]], [[0.286391067339694, 0.08228624167692429, -0.9545727003428026, 19.759558800674142], [-0.05260254481841736, -0.9934521134611792, -0.10141954678631308, 0.30064505802392816], [-0.9566677054550393, 0.0792586085258082, -0.2801872869630976, 190.96282591234723], [0.0, 0.0, 0.0, 1.0]], [[0.30560786492750264, 0.08068061774369865, -0.9487330406313987, 15.8982449114067], [-0.05184537715721866, -0.9935153772028475, -0.10118945634248808, 0.14850409940005926], [-0.9507448971543246, 0.08011171898541392, -0.29944313676308343, 192.23773511112603], [0.0, 0.0, 0.0, 1.0]], [[0.3247014257169792, 0.07905813214540054, -0.9425066099358507, 12.012029722794203], [-0.05109306519156132, -0.9935793053167894, -0.1009441266018892, -0.004618003896836864], [-0.9444355205048724, 0.08093225640148778, -0.31857723440929414, 193.43446833741888], [0.0, 0.0, 0.0, 1.0]], [[0.34366398635720996, 0.07741944457694969, -0.9358959398932357, 8.102493351430347], [-0.05034591480790888, -0.9936438718101382, -0.10068365731442099, -0.15865899314856335], [-0.9377421408691903, 0.08171988714742298, -0.33758180006872335, 194.55253900519358], [0.0, 0.0, 0.0, 1.0]], [[0.3624878367613186, 0.07576522132090968, -0.9289037183705202, 4.171225396190586], [-0.04960422979405019, -0.9937090504304652, -0.10040815438565563, -0.3135562360222732], [-0.9306674797435708, 0.08247429097630803, -0.35644910657545337, 195.59149251223963], [0.0, 0.0, 0.0, 1.0]], [[0.38116532324134966, 0.07409613497658077, -0.9215327883716851, 0.2198242919089637], [-0.04886831171558075, -0.9937748146764535, -0.10011772983377232, -0.4692467520364716], [-0.9232144136515457, 0.08319516115113781, -0.3751714825724851, 196.55090642500744], [0.0, 0.0, 0.0, 1.0]], [[0.3996888516202233, 0.07241286418652412, -0.9137861468817758, -3.750103340537912], [-0.04813845979328762, -0.993841137808674, -0.09981250174401114, -0.6256672381685802], [-0.9153859729743045, 0.08388220456953129, -0.3937413156308743, 197.43039065036788], [0.0, 0.0, 0.0, 1.0]], [[0.41805089031949005, 0.07071609336062905, -0.9056669436483407, -7.736943347475297], [-0.047414970781487605, -0.9939079928604571, -0.09949259422066024, -0.7827540945936475], [-0.9071853407185557, 0.08453514188290548, -0.4121510553449093, 198.2295875942221], [0.0, 0.0, 0.0, 1.0]], [[0.43624397342163534, 0.06900651239783508, -0.8971784799007594, -11.739074698737497], [-0.046698138847368405, -0.9939753526488563, -0.09915813733659555, -0.940443450543734], [-0.8986158512223318, 0.08515370761005737, -0.4303932164020703, 198.94817230689756], [0.0, 0.0, 0.0, 1.0]], [[0.45426070370568644, 0.06728481640562246, -0.8883242070079783, -15.754870146771069], [-0.045988255451381625, -0.9940431897857027, -0.09880926708039375, -1.098671190277461], [-0.8896809887992626, 0.08573765024510727, -0.4484603816265213, 199.58585261527128], [0.0, 0.0, 0.0, 1.0]], [[0.4720937556548865, 0.06555170541738478, -0.8791077250752014, -19.782696888265768], [-0.04528560922873641, -0.9941114766887401, -0.09844612530104015, -1.2573729791491655], [-0.8803843863218718, 0.0862867323597599, -0.4663452049948988, 200.14236924156592], [0.0, 0.0, 0.0, 1.0]]]], ["pivot", [[[0.47209375565488665, 0.06555170541738478, -0.8791077250752016, -19.782696888265775], [-0.0452856092287364, -0.99411147668874, -0.09844612530104013, -1.257372979149165], [-0.8803843863218719, 0.08628673235975991, -0.4663452049948988, 200.14236924156597], [0.0, 0.0, 0.0, 1.0]], [[0.49059770152621673, 0.0637219353507449, -0.8690531313405954, -24.020452325625374], [-0.04455652888356493, -0.9941835720894209, -0.09804996078988443, -1.4243462408796472], [-0.8702462749109446, 0.08682507870698421, -0.4849048797404557, 200.72127178088266], [0.0, 0.0, 0.0, 1.0]], [[0.5088832136912543, 0.06188119549199537, -0.858608484527844, -28.269495980806827], [-0.04383605512009703, -0.9942560997146592, -0.09763842766303846, -1.591764273568887], [-0.8597186998601157, 0.0873245679948187, -0.5032475437099663, 201.21033065731024], [0.0, 0.0, 0.0, 1.0]], [[0.5269421087858988, 0.060030309632361584, -0.8477784589576338, -32.5279262679537], [-0.04312451037388974, -0.9943290271059724, -0.09721171009502703, -1.7595521521753874], [-0.8488063726031683, 0.08778497668547766, -0.5213649879620306, 201.6093270010233], [0.0, 0.0, 0.0, 1.0]]]], ["pivot", [[[0.5269421087858986, 0.06003030963236159, -0.8477784589576339, -32.527926267953696], [-0.04312451037388976, -0.9943290271059725, -0.09721171009502706, -1.7595521521753872], [-0.8488063726031683, 0.08778497668547766, -0.5213649879620306, 201.6093270010233], [0.0, 0.0, 0.0, 1.0]], [[0.5456816022403012, 0.05807366243111974, -0.8359778589604885, -37.01467487116141], [-0.04238614913726203, -0.9944061216363377, -0.09674675058969039, -1.9363360794016091], [-0.8369199308680403, 0.08822680622492655, -0.5401675374679356, 201.93570888438202], [0.0, 0.0, 0.0, 1.0]], [[0.5641522172916671, 0.056107677476449846, -0.8237621917627199, -41.507568558052824], [-0.041658382071210545, -0.9944835840867424, -0.09626543687860739, -2.113362131186801], [-0.8246191981986495, 0.08862496185408868, -0.5587026939945337, 202.1621129782878], [0.0, 0.0, 0.0, 1.0]], [[0.5823448106419538, 0.054133327967475976, -0.8111375043468287, -46.00438326267556], [-0.040941569433971, -0.9945613761118327, -0.0957680072210185, -2.2905426763422683], [-0.811910263686487, 0.08897924647852105, -0.5769612822945512, 202.28842720850255], [0.0, 0.0, 0.0, 1.0]], [[0.6002503766190319, 0.05215159124393178, -0.798110046167931, -50.50289297810065], [-0.04023606606113889, -0.994639459203108, -0.09525470785386142, -2.4677900072007906], [-0.7987994184905494, 0.08928948472073703, -0.5949342640271315, 202.31458904713256], [0.0, 0.0, 0.0, 1.0]]]], ["pivot", [[[0.600250376619032, 0.052151591243931775, -0.7981100461679311, -50.502892978100654], [-0.040236066061138887, -0.9946394592031078, -0.09525470785386142, -2.46779000720079], [-0.7987994184905493, 0.08928948472073701, -0.5949342640271313, 202.31458904713253], [0.0, 0.0, 0.0, 1.0]], [[0.6164840731411977, 0.05032024170250307, -0.785757730959212, -54.64671578445518], [-0.03959643648690844, -0.9947116168362486, -0.09476801014839067, -2.6310621996327885], [-0.7863710804555346, 0.08953617683008498, -0.6112312953326408, 202.25288692110726], [0.0, 0.0, 0.0, 1.0]], [[0.6324598296900245, 0.048484224645914835, -0.7730742504374345, -58.788404496632786], [-0.038966970091969706, -0.9947839583760587, -0.09426826408216518, -2.7942503065483972], [-0.7736123740193303, 0.0897452532110145, -0.6272715375587303, 202.106201321853], [0.0, 0.0, 0.0, 1.0]], [[0.6481709345675912, 0.04664431141740976, -0.7600649331571235, -62.92621911794334], [-0.03834793132628978, -0.9948564534305774, -0.09375567960734738, -2.9572857697372763], [-0.7605286593401986, 0.08991662602683963, -0.6430482519159059, 201.87459387458478], [0.0, 0.0, 0.0, 1.0]], [[0.6636107872608265, 0.044801274997081274, -0.7467352445625893, -67.05842127927082], [-0.0377395802590043, -0.9949290715433499, -0.09323047206974217, -3.1201000951174107], [-0.7471254331181131, 0.09005022328080899, -0.6585548103273922, 201.55816188168805], [0.0, 0.0, 0.0, 1.0]], [[0.6787729012144985, 0.04295588967713093, -0.7330907846917989, -71.18327496939293], [-0.03714217246915771, -0.9950017822062227, -0.0926928621183265, -3.2826248815106944], [-0.7334083262854989, 0.090145988846353, -0.6737846982137059, 201.15703828184039], [0.0, 0.0, 0.0, 1.0]], [[0.6936509065563335, 0.04110893073657459, -0.7191372858237003, -75.2990472643101], [-0.036555958938330024, -0.9950745548721596, -0.09214307561255068, -3.444791849379472], [-0.7193831016415775, 0.09020388249066359, -0.6887315172295453, 200.6713915941615], [0.0, 0.0, 0.0, 1.0]], [[0.7082385527731117, 0.039261174115533946, -0.7048806100699906, -79.40400905527757], [-0.03598118594519507, -0.9951473589680769, -0.091581343527451, -3.606532869511976], [-0.7050556514313135, 0.09022387989159672, -0.7033889879518482, 200.1014258474155], [0.0, 0.0, 0.0, 1.0]], [[0.7225296795463684, 0.03741339472802031, -0.6903267139189873, -83.49643459129089], [-0.03541809546242317, -0.995220163942959, -0.09100790159657528, -3.76777994225737], [-0.6904319985979213, 0.09020597324044159, -0.7177509583462993, 199.44738180690388], [0.0, 0.0, 0.0, 1.0]]]], ["setGripper", 30.0983147147], ["fingerGait", [[[0.7225296795463675, 0.0374133947280203, -0.6903267139189865, -83.49643459129089], [-0.035418095462423145, -0.9952201639429592, -0.09100790159657522, -3.76777994225737], [-0.6904319985979214, 0.09020597324044156, -0.7177509583462995, 199.44738180690388], [0.0, 0.0, 0.0, 1.0]], [[0.7490747329240046, 0.03741339478652146, -0.6614281172327167, -83.91323316897144], [-0.03181783611723551, -0.9952201639498882, -0.09232824557101707, -3.8314953096619146], [-0.6617209324488751, 0.0902059731397309, -0.7443038294084697, 198.11511532080632], [0.0, 0.0, 0.0, 1.0]], [[0.7744647675373765, 0.03741339484893704, -0.6315096464898952, -84.330031746652], [-0.028168515983953493, -0.9952201639564568, -0.09350622610068568, -3.8952106770664594], [-0.631989540743221, 0.09020597304137348, -0.7697090380929918, 196.78284883470877], [0.0, 0.0, 0.0, 1.0]], [[0.7986606337995111, 0.0374133949151708, -0.6006174337966907, -84.74683032433255], [-0.024475762048838518, -0.9952201639626549, -0.09454002682526884, -3.958926044471004], [-0.6012836671248574, 0.09020597294552096, -0.7939274114155797, 195.45058234861122], [0.0, 0.0, 0.0, 1.0]], [[0.8216250234441925, 0.03741339498512061, -0.5687991126985477, -85.1636289020131], [-0.020745268269915854, -0.9952201639684728, -0.0954280536992288, -4.022641411875549], [-0.5696506578179259, 0.09020597285232114, -0.8169216064057666, 194.11831586251367], [0.0, 0.0, 0.0, 1.0]], [[0.8433225270525938, 0.03741339505867861, -0.5361037447327226, -85.58042747969365], [-0.016982786797305426, -0.9952201639739017, -0.09616893744970459, -4.086356779280093], [-0.5371392886223775, 0.0902059727619177, -0.8386561676870506, 192.78604937641612], [0.0, 0.0, 0.0, 1.0]], [[0.8637196886520263, 0.037413395135731393, -0.502581743778962, -85.9972260573742], [-0.01319411910382463, -0.9952201639789331, -0.09676153568783115, -4.1500721466846375], [-0.5037996897052354, 0.09020597267445006, -0.8590975821465063, 191.45378289031856], [0.0, 0.0, 0.0, 1.0]], [[0.8827850573026162, 0.037413395216160134, -0.46828479832496583, -86.41402463505476], [-0.009385107039539141, -0.9952201639835592, -0.09720493467021994, -4.213787514089182], [-0.46968326830352347, 0.09020597259005307, -0.8782143306095679, 190.121516404221], [0.0, 0.0, 0.0, 1.0]], [[0.9004892355923669, 0.03741339529984082, -0.43326579176649804, -86.83082321273531], [-0.005561623824054946, -0.9952201639877729, -0.09749845070788477, -4.277502881493726], [-0.4348426294580453, 0.09020597250885688, -0.8959769364403043, 188.78924991812346], [0.0, 0.0, 0.0, 1.0]], [[0.9168049249658304, 0.03741339538664443, -0.39757872086503654, -87.24762179041586], [-0.0017295649904408128, -0.9952201639915678, -0.09764163122044048, -4.3412182488982705], [-0.3993314949002364, 0.0902059724309867, -0.9123580109922482, 187.4569834320259], [0.0, 0.0, 0.0, 1.0]], [[0.9317069678164945, 0.03741339547643711, -0.36127861248869336, -87.66442036809642], [0.002105160705254964, -0.995220163994938, -0.09763425543394902, -4.404933616302815], [-0.36320462021716127, 0.09020597235656258, -0.9273322958396972, 186.12471694592836], [0.0, 0.0, 0.0, 1.0]], [[0.9451723862779827, 0.0374133955690804, -0.32442143876478574, -88.08121894577697], [0.0059366403948767, -0.9952201639978782, -0.0974763347213368, -4.468648983707359], [-0.32651771042238, 0.09020597228569928, -0.9408767017243692, 184.7924504598308], [0.0, 0.0, 0.0, 1.0]], [[0.957180417654253, 0.03741339566443148, -0.28706403077488635, -88.49801752345752], [0.009758966215374022, -0.995220164000384, -0.0971681125848584, -4.532364351111903], [-0.2893273340628683, 0.09020597221850606, -0.9529703441573598, 183.46018397373325], [0.0, 0.0, 0.0, 1.0]], [[0.9677125464341655, 0.03741339576234329, -0.2492639909254281, -88.91481610113807], [0.013566244418297064, -0.9952201640024515, -0.0967100642806339, -4.596079718516448], [-0.2516908359944319, 0.09020597215508654, -0.9635945756215054, 182.1279174876357], [0.0, 0.0, 0.0, 1.0]], [[0.9767525328410539, 0.03741339586266487, -0.21107960412898258, -89.33161467881862], [0.01735260445752797, -0.9952201640040774, -0.09610289608583847, -4.659795085920992], [-0.2136662489601091, 0.0902059720955385, -0.9727330143244985, 180.79565100153815], [0.0, 0.0, 0.0, 1.0]], [[0.9842864378732804, 0.03741339596524155, -0.17256974793316326, -89.74841325649918], [0.0211122080412361, -0.9952201640052594, -0.09534754420967426, -4.723510453325536], [-0.175312204107901, 0.09020597203995376, -0.9803715694584204, 179.4633845154406], [0.0, 0.0, 0.0, 1.0]], [[0.9903026447971625, 0.03741339606991514, -0.13379380173572886, -90.16521183417973], [0.024839258134099467, -0.9952201640059956, -0.09444517334980398, -4.787225820730081], [-0.13668784058580527, 0.09020597198841804, -0.9864984629267418, 178.13111802934304], [0.0, 0.0, 0.0, 1.0]], [[0.994791877059131, 0.03741339617652425, -0.0948115552258701, -90.58201041186028], [0.028528007895911613, -0.9952201640062848, -0.0933971748964718, -4.850941188134625], [-0.09785271435355063, 0.09020597194101079, -0.9911042475052916, 176.7988515432455], [0.0, 0.0, 0.0, 1.0]], [[0.9977472125895018, 0.03741339628490449, -0.05568311619285703, -90.99880898954083], [0.032172769542791316, -0.9952201640061265, -0.09220516478708068, -4.914656555539169], [-0.05886670635163785, 0.0902059718978051, -0.9941818214091892, 175.46658505714794], [0.0, 0.0, 0.0, 1.0]], [[0.9991640944758037, 0.037413396394888755, -0.016468817844199003, -91.41560756722139], [0.035767923117331686, -0.995220164005521, -0.09087098101453454, -4.978371922943714], [-0.019789930169284157, 0.09020597185886761, -0.9957264392432807, 174.1343185710504], [0.0, 0.0, 0.0, 1.0]], [[0.999040376576331, 0.0374133947280203, 0.02277089637044674, -91.83240614490182], [0.03930792782512327, -0.9952201639429592, -0.0893966864728991, -5.042087290348265], [0.01931742243270062, 0.09020597324044156, -0.995735762940081, 172.80205208495295], [0.0, 0.0, 0.0, 1.0]]]], ["closeGripper", 0], ["pivot", [[[0.9990403765763309, 0.037413394728020306, 0.022770896370446745, -91.8324061449018], [0.03930792782512326, -0.9952201639429591, -0.0893966864728991, -5.042087290348265], [0.019317422432700612, 0.09020597324044156, -0.9957357629400811, 172.80205208495295], [0.0, 0.0, 0.0, 1.0]], [[0.9992546180615789, 0.037413401653044735, 0.018581495560471162, -91.12029307921674], [0.038911748149370796, -0.9952201618991122, -0.09081577312910837, -4.782389008418822], [0.015096900976611415, 0.09020597066137596, -0.9958215990957716, 172.98322662538237], [0.0, 0.0, 0.0, 1.0]]]]]