[["init", [[[-7.340648573284634e-05, -0.9943511527839087, -0.10614048603585295, 5.757180927246182], [0.0006876894382832732, -0.10614051084653686, 0.9943508657100607, -132.01247696492993], [-0.9999997573787779, 7.115076266876741e-10, 0.0006915960828881573, 44.66433006183617], [0.0, 0.0, 0.0, 1.0]]]], ["pivot", [[[-7.340648573284635e-05, -0.9943511527839087, -0.10614048603585295, 5.75718092724618], [0.000687689438283273, -0.10614051084653686, 0.9943508657100607, -132.01247696492993], [-0.9999997573787779, 7.115076197853342e-10, 0.0006915960828881567, 44.66433006183617], [0.0, 0.0, 0.0, 1.0]], [[0.0012093720228850786, -0.9943516633358099, -0.10612883796525781, 5.69768912926346], [-0.019340185738505992, -0.10613232214129842, 0.9941638760967005, -131.08275781018398], [-0.9998122262175392, 0.0008502379972574821, -0.019359298506850923, 48.09754963490617], [0.0, 0.0, 0.0, 1.0]], [[0.0024916581953959216, -0.9943532644437908, -0.10609147155602662, 5.63380498743832], [-0.03936027109004061, -0.10610710675297683, 0.9935753500159471, -130.08446628516498], [-0.9992219742152442, 0.0017001393905251609, -0.03940239496034633, 51.5113812747356], [0.0, 0.0, 0.0, 1.0]], [[0.0037729355314487004, -0.9943559554629307, -0.10602840185921736, 5.5655542340779345], [-0.0593645025965, -0.10606487483824162, 0.9925855245240319, -129.01800449818074], [-0.9982292391233188, 0.002549362554024876, -0.059429619988986715, 54.90444990197166], [0.0, 0.0, 0.0, 1.0]], [[0.005052687937048204, -0.9943597353092968, -0.1059396542790816, 5.492964360345214], [-0.0793448226239365, -0.10600564340795922, 0.9911947983191743, -127.88380201628047], [-0.9968344208119598, 0.0033975654236593467, -0.0794329066971147, 58.27538880052988], [0.0, 0.0, 0.0, 1.0]], [[0.006330399932435819, -0.9943646024603797, -0.1058252645628318, 5.416064605185458], [-0.09929318316986191, -0.10592943632034095, 0.989403731580988, -126.68231569222644], [-0.9950380811090664, 0.004244406346302107, -0.09940419783134408, 61.622840168102485], [0.0, 0.0, 0.0, 1.0]], [[0.00760555685972301, -0.994370554955709, -0.10568527878624258, 5.334885943549022], [-0.11920154910495454, -0.10583628427133318, 0.9872130457448433, -125.41402948047549], [-0.9928409435739406, 0.005089544217414171, -0.11933544902599301, 64.94545566307644], [0.0, 0.0, 0.0, 1.0]], [[0.00887764509019362, -0.9943775903976398, -0.10551975333509131, 5.249461073914704], [-0.13906190140958105, -0.1057262247822529, 0.9846236232112732, -124.0794542422437], [-0.9902438932058372, 0.0059326386184396195, -0.13921863204332624, 68.2418969476406], [0.0, 0.0, 0.0, 1.0]], [[0.01014615223119179, -0.9943857059523212, -0.10532875488244639, 5.159824405118923], [-0.15886624040382916, -0.10559930218467443, 0.9816365069905487, -122.67912753973349], [-0.987247976087492, 0.006773349953925153, -0.1590457380073008, 71.51083622686357], [0.0, 0.0, 0.0, 1.0]], [[0.01141056733251186, -0.9943948983508364, -0.10511236036181136, 5.066012042495951], [-0.17860658896975057, -0.10545556760257274, 0.9782529002825555, -121.21361341960528], [-0.9838543989637611, 0.007611339588307838, -0.17880878062951341, 74.75095678352477], [0.0, 0.0, 0.0, 1.0]], [[0.012670381092207335, -0.9944051638905196, -0.10487065693613648, 4.968061773334821], [-0.19827499576451613, -0.10529507893173094, 0.9744741659921504, -119.68350218578159], [-0.9800645287555498, 0.008446269982316389, -0.19849979942604887, 77.9609535084835], [0.0, 0.0, 0.0, 1.0]], [[0.01392508606173592, -0.9944164984364475, -0.10460374196270973, 4.86601305165873], [-0.2178635384231883, -0.10511790081642, 0.9703018261801877, -118.08941016167464], [-0.9758798920092207, 0.009277804828930722, -0.2181108629239351, 81.13953342637225], [0.0, 0.0, 0.0, 1.0]], [[0.01517417685035798, -0.9944288974231051, -0.1043117229539417, 4.759906982333112], [-0.23736432674982244, -0.10492410462336031, 0.9657375614504384, -116.4319794419335], [-0.9713021742817067, 0.010105609188845281, -0.23763407185591282, 84.28541621640278], [0.0, 0.0, 0.0, 1.0]], [[0.016417150328706172, -0.9944423558562246, -0.10399471753405996, 4.649786304508731], [-0.25676950589560926, -0.10471376841297546, 0.9607832102726501, -114.7118776338107], [-0.9663332194615752, 0.010929349625381432, -0.25706156234223176, 87.39733472807461], [0.0, 0.0, 0.0, 1.0]], [[0.01765350583144415, -0.9944568683147956, -0.1036528533917303, 4.535695374406498], [-0.27607125952278067, -0.10448697690794961, 0.955440768242015, -112.92979758825209], [-0.9609750290263147, 0.011748694338794526, -0.27638550905819464, 90.47403549157892], [0.0, 0.0, 0.0, 1.0]], [[0.01889906522931968, -0.9944723747688753, -0.1032837994277261, 4.4165265402297615], [-0.29526076929866346, -0.10424630091254072, 0.9497124348012946, -111.08653672412994], [-0.955229737999114, 0.012579649866307815, -0.2955974297574507, 93.51432124213565], [0.0, 0.0, 0.0, 1.0]]]], ["pivot", [[[0.018899065229319688, -0.9944723747688754, -0.1032837994277261, 4.416526540229761], [-0.2952607692986635, -0.10424630091254072, 0.9497124348012947, -111.08653672412994], [-0.9552297379991139, 0.012579649866307822, -0.29559742975745074, 93.51432124213565], [0.0, 0.0, 0.0, 1.0]], [[0.020391731463156117, -0.9944928365212525, -0.10280173864256256, 4.26685730938141], [-0.31858491013236173, -0.10392656915782508, 0.942179837500825, -108.74783156711992], [-0.9476749346628085, 0.01357107738374223, -0.31894824583055287, 97.21794347360955], [0.0, 0.0, 0.0, 1.0]], [[0.021872097011673083, -0.9945148472470203, -0.1022831953581969, 4.11142375322136], [-0.3417168426141611, -0.10358263341651996, 0.9340771710649608, -106.31905407355288], [-0.9395483813515719, 0.01455433692986241, -0.34210663363731014, 100.8628907484757], [0.0, 0.0, 0.0, 1.0]], [[0.023339268742708055, -0.9945383936666967, -0.10172848242146978, 3.9503196477147977], [-0.36464261081747273, -0.10321470119147722, 0.9254093239835871, -103.80166957022017], [-0.9308549809666863, 0.01552883528583491, -0.3650586212901423, 104.44696400201576], [0.0, 0.0, 0.0, 1.0]]]], ["pivot", [[[0.023339268742708058, -0.9945383936666968, -0.10172848242146978, 3.9503196477147977], [-0.36464261081747273, -0.10321470119147722, 0.9254093239835871, -103.80166957022016], [-0.9308549809666864, 0.015528835285834906, -0.3650586212901423, 104.44696400201576], [0.0, 0.0, 0.0, 1.0]], [[0.024528579776846988, -0.994558779458475, -0.10124823483548871, 3.81443356864801], [-0.3832265764934492, -0.10289615638376028, 0.9179050594155652, -101.67833752609336], [-0.9233285932211578, 0.016318779631530313, -0.3836638407699682, 107.33341902880778], [0.0, 0.0, 0.0, 1.0]], [[0.025707996729831498, -0.9945801744087026, -0.10074421899665863, 3.6748724110886193], [-0.40165593899221536, -0.10256184264306743, 0.9100293962962437, -99.49757934985931], [-0.915429711857558, 0.01710215375901572, -0.4021142801964335, 110.17655868198307], [0.0, 0.0, 0.0, 1.0]], [[0.026877043795657828, -0.994602569886127, -0.10021663823744945, 3.5316924774634204], [-0.4199232634525881, -0.10221189483983997, 0.9017855118631434, -97.26027481336658], [-0.9071615234802219, 0.017878641635770087, -0.4204024962054011, 112.97523596860327], [0.0, 0.0, 0.0, 1.0]], [[0.02803524935179152, -0.9946259568558581, -0.09966570539700348, 3.3849515301030793], [-0.43802118038354204, -0.1018464541516872, 0.8931767319033808, -94.9673265006657], [-0.8985273636810798, 0.01864793000735641, -0.4385211108776771, 115.72832183294963], [0.0, 0.0, 0.0, 1.0]], [[0.02918214614943152, -0.9946503258830127, -0.09909164273527082, 3.2347087679393876], [-0.45594238863724357, -0.1014656680064318, 0.8842065294119638, -92.61965944388433], [-0.8895307156939949, 0.019409708523796327, -0.45646281471544675, 118.43470561201218], [0.0, 0.0, 0.0, 1.0]], [[0.03031727150201003, -0.994675667136522, -0.09849468184334424, 3.081024802622931], [-0.4736796583545152, -0.10106969002263383, 0.8748785231906987, -90.21822075004648], [-0.8801752089895413, 0.020163669864773043, -0.47422036959110636, 121.09329548355845], [0.0, 0.0, 0.0, 1.0]], [[0.031440167471851695, -0.9947019703930974, -0.09787506355002965, 2.9239616340708743], [-0.4912258338815401, -0.1006586799476173, 0.8651964763882776, -87.76397921898615], [-0.8704646178107867, 0.020909509863611904, -0.4917866116673041, 123.7030189066019], [0.0, 0.0, 0.0, 1.0]], [[0.032550381054916915, -0.9947292250413533, -0.09723303782468957, 2.763582625454629], [-0.5085738366566294, -0.10023280359302393, 0.855164294982128, -85.25792495250916], [-0.8604028596506674, 0.02164692762998875, -0.5091544542870079, 126.26282305409129], [0.0, 0.0, 0.0, 1.0]], [[0.03364746436355501, -0.9947574200860896, -0.09656886367639961, 2.5999524776376015], [-0.5257166680658893, -0.09979223276792076, 0.8447860262026481, -82.70106895496198], [-0.849993993671576, 0.022375625671316575, -0.5263168908324398, 128.77167523764717], [0.0, 0.0, 0.0, 1.0]], [[0.03473097480719312, -0.9947865441527274, -0.09588280904945756, 2.433137203073258], [-0.5426474122666364, -0.09933714520948814, 0.8340658569004518, -80.0944427253673], [-0.8392422190677946, 0.02309531001276137, -0.5432669975517184, 131.22856332417413], [0.0, 0.0, 0.0, 1.0]], [[0.03580047527088822, -0.9948165854918971, -0.09517515071528809, 2.263204099174063], [-0.5593592389774176, -0.09886772451131608, 0.8230081118572902, -77.43909784129185], [-0.8281518733714356, 0.02380569031583887, -0.5599979363520718, 133.63249614418027], [0.0, 0.0, 0.0, 1.0]], [[0.036855534291670114, -0.9948475319841783, -0.0944461741607864, 2.090221721162044], [-0.5758454062335173, -0.09838416004933812, 0.8116172520413274, -74.73610553461393], [-0.8167274307025739, 0.024506479995544235, -0.576502957558494, 135.9825038916393], [0.0, 0.0, 0.0, 1.0]], [[0.037895726232604274, -0.9948793711449899, -0.09369617347314559, 1.9142598544119054], [-0.5920992631068311, -0.09788664690543229, 0.7998978728074754, -71.98655625936196], [-0.8049734999642758, 0.02519739633596763, -0.5927754026367302, 138.2776385152348], [0.0, 0.0, 0.0, 1.0]], [[0.03892063145450437, -0.9949120901296266, -0.09292545122121473, 1.7353894862978918], [-0.6081142523890161, -0.0973753857887204, 0.7878547020435144, -69.1915592517984], [-0.7928948229832541, 0.025878160604348742, -0.608808706879495, 140.51697410082699], [0.0, 0.0, 0.0, 1.0]], [[0.039929836485224954, -0.9949456757384385, -0.09213431833343493, 1.5536827775557145], [-0.6238839132368295, -0.0968505829545968, 0.7754925982627453, -66.35224208292622], [-0.7804962725968968, 0.02654849816352451, -0.6245964020548374, 142.69960724498986], [0.0, 0.0, 0.0, 1.0]], [[0.04092293418646658, -0.9949801144221602, -0.09132309397240328, 1.3692130331711305], [-0.6394018837785949, -0.09631245012152002, 0.7628165486439455, -63.46975020359894], [-0.7677828506874447, 0.027208138582724545, -0.6401321190155864, 144.82465741946643], [0.0, 0.0, 0.0, 1.0]], [[0.0418995239180253, -0.9950153922873737, -0.09049210540611473, 1.1820546728068972], [-0.6546619036807368, -0.09576120438560032, 0.7498316670194182, -60.54524648241751], [-0.7547596861641077, 0.027856815746669636, -0.6554095902688222, 146.89126732639536], [0.0, 0.0, 0.0, 1.0]], [[0.04285921169942095, -0.9950514951021148, -0.089641687875934, 0.9922832007800295], [-0.6696578166733562, -0.09519706813301755, 0.7365431918119438, -57.579910736600006], [-0.7414320328939368, 0.028494267962929195, -0.670422652504338, 148.89860324416662], [0.0, 0.0, 0.0, 1.0]], [[0.04380161036883857, -0.9950884083016139, -0.08877218446135092, 0.7999751756014948], [-0.6843835730338205, -0.09462026895030527, 0.7229564839214729, -54.57493925601447], [-0.7278052675822821, 0.029120238067494506, -0.6851652490810723, 150.84585536376494], [0.0, 0.0, 0.0, 1.0]], [[0.044726339739319075, -0.9951261169941721, -0.08788394594157369, 0.6052081790906101], [-0.6988332320273721, -0.09403103953253654, 0.7090770245624043, -51.53154432056564], [-0.7138848876036987, 0.02973447352852497, -0.699631432470507, 152.732238115467], [0.0, 0.0, 0.0, 1.0]], [[0.04563302675213614, -0.9951646059671697, -0.08697733065401593, 0.40806078507662025], [-0.7130009643037684, -0.09342961758944911, 0.694910413052329, -48.450953711131625], [-0.6996765087841685, 0.030336726548225855, -0.7138153666560494, 154.55699048576002], [0.0, 0.0, 0.0, 1.0]], [[0.04652130562729725, -0.9952038596932012, -0.08605270434973437, 0.208612527700067], [-0.7268810542489856, -0.09281624574954733, 0.6804623645531261, -45.33441021424629], [-0.6851858631355376, 0.030926754162815907, -0.7277113294874239, 156.3193763243529], [0.0, 0.0, 0.0, 1.0]], [[0.047390818011108456, -0.995243862336342, -0.08511044004587595, 0.006943869326747176], [-0.7404679022910386, -0.09219117146221982, 0.6657387077653254, -42.18317112072868], [-0.6704187965430802, 0.031504318340545054, -0.7413137149891306, 158.01868464115793], [0.0, 0.0, 0.0, 1.0]], [[0.048241213120745384, -0.9952845977585352, -0.0841509178751917, -0.1968638319131768], [-0.7537560271589878, -0.09155464689791294, 0.6507453825766641, -38.998507718460566], [-0.6553812664071242, 0.03206918607772491, -0.754617035622033, 159.65422989312157], [0.0, 0.0, 0.0, 1.0]]]], ["pivot", [[[0.04824121312074538, -0.9952845977585353, -0.08415091787519169, -0.19686383191317658], [-0.7537560271589878, -0.09155464689791294, 0.6507453825766643, -38.998507718460566], [-0.6553812664071242, 0.03206918607772492, -0.7546170356220332, 159.6542298931216], [0.0, 0.0, 0.0, 1.0]], [[0.04913555017778703, -0.9953292826365584, -0.08309836939615571, -0.41872505272998173], [-0.7677307811919439, -0.09085640882933639, 0.634298444605687, -35.531743184934854], [-0.6388858377038363, 0.032663244170683364, -0.7686077705241999, 161.3475302717677], [0.0, 0.0, 0.0, 1.0]], [[0.050006883898126804, -0.9953747779448145, -0.08202673441511081, -0.642874199895245], [-0.7813460891191896, -0.0901455071200441, 0.6175532643011022, -32.02922791547191], [-0.6220912872672114, 0.033242024866531286, -0.7822386481717496, 162.96527217367722], [0.0, 0.0, 0.0, 1.0]], [[0.05085480632960761, -0.9954210623827291, -0.08093651466381833, -0.8692063283965457], [-0.7945955763519215, -0.08942227460907996, 0.6005176816353472, -28.492601762415788], [-0.605005478184427, 0.03380525718432135, -0.7955032866862485, 164.5066981837796], [0.0, 0.0, 0.0, 1.0]]]], ["pivot", [[[0.0508548063296076, -0.9954210623827291, -0.08093651466381833, -0.8692063283965459], [-0.7945955763519215, -0.08942227460907998, 0.6005176816353474, -28.492601762415795], [-0.605005478184427, 0.03380525718432134, -0.7955032866862484, 164.50669818377958], [0.0, 0.0, 0.0, 1.0]], [[0.051652922248559344, -0.9954665969984754, -0.07986395967123879, -1.0903181991630442], [-0.8070667957533151, -0.08871075868783486, 0.58375812539183, -25.037546441375277], [-0.5881965092584829, 0.03433540797978671, -0.8079887672873937, 165.9892650630771], [0.0, 0.0, 0.0, 1.0]], [[0.052428379000407054, -0.9955128307689217, -0.07877493905826778, -1.313364686433161], [-0.8191839469827837, -0.08798831789785046, 0.5667412802512914, -21.552261142080617], [-0.5711294927851199, 0.034850509831261735, -0.8201197747244305, 167.39899515696027], [0.0, 0.0, 0.0, 1.0]], [[0.05318083638470778, -0.9955597434108612, -0.07766993058887348, -1.5382479375367333], [-0.83094171412786, -0.08725526918094999, 0.5494746116697234, -18.038274893197524], [-0.5538119162309827, 0.0353503367585385, -0.8318909870060381, 168.7352700030826], [0.0, 0.0, 0.0, 1.0]], [[0.05390996429106551, -0.9956073143432601, -0.07654941904105257, -1.7648692939973851], [-0.8423349389413796, -0.08651193413275761, 0.5319656947030978, -14.497129314778263], [-0.5362513769858678, 0.035834669482667315, -0.8432972399865398, 169.99750336463137], [0.0, 0.0, 0.0, 1.0]], [[0.054615442843953865, -0.9956555226962865, -0.07541389599415366, -1.99312933481496], [-0.8533586231044571, -0.08575863886161152, 0.5142222106841173, -10.930377941937977], [-0.5184555790296751, 0.036303295522156644, -0.8543335296314661, 171.18514148751578], [0.0, 0.0, 0.0, 1.0]], [[0.05529696254304857, -0.9957043473204659, -0.07426385961321634, -2.2229279200824874], [-0.8640079304192957, -0.08499571384549685, 0.496251943852339, -7.339585543303656], [-0.5004323295525962, 0.03675600928619071, -0.864995014212872, 172.29766334330384], [0.0, 0.0, 0.0, 1.0]], [[0.05595422439900822, -0.9957537667959584, -0.07309981443042146, -2.4541642349185357], [-0.8742781889308736, -0.08422349378706177, 0.47806277793915214, -3.7263274345348165], [-0.4821895355300236, 0.037192612164824244, -0.8752770164334503, 173.3345808578028], [0.0, 0.0, 0.0, 1.0]], [[0.05658694006464391, -0.9958037594419586, -0.071922271123748, -2.686736833695684], [-0.8841648929765783, -0.08344231746678026, 0.4596626927091092, -0.09218878721728885], [-0.46373520025368503, 0.03761291261611457, -0.8851750254785088, 174.29543912518224], [0.0, 0.0, 0.0, 1.0]], [[0.057194831961419904, -0.9958543033262045, -0.07073174629293347, -2.9205436845457053], [-0.8936637051628836, -0.08265252759432568, 0.4410597604591246, 3.56123606656719], [-0.4450774198205193, 0.03801672625015299, -0.8946846989949078, 175.1798166075455], [0.0, 0.0, 0.0, 1.0]], [[0.057777633401228254, -0.9959053762746016, -0.06952876223283988, -3.155482214121342], [-0.9027704582682065, -0.0818544706582205, 0.4222621424770796, 7.232344333689916], [-0.4262243795808408, 0.0384038759099548, -0.9038018649960924, 175.98732531986235], [0.0, 0.0, 0.0, 1.0]]]], ["pivot", [[[0.05777763340122824, -0.9959053762746015, -0.06952876223283987, -3.155482214121342], [-0.9027704582682065, -0.0818544706582205, 0.4222621424770796, 7.23234433368993], [-0.4262243795808407, 0.03840387590995481, -0.9038018649960925, 175.98732531986235], [0.0, 0.0, 0.0, 1.0]], [[0.05831647762247496, -0.995955186832471, -0.06835551515697758, -3.3834198494995986], [-0.91119034358407, -0.08107613961514192, 0.4039291893963451, 10.794057855670445], [-0.40783737417853255, 0.03876182840711721, -0.9122313776890015, 176.75944268283956], [0.0, 0.0, 0.0, 1.0]], [[0.05883145621994019, -0.9960054496593556, -0.06717161753550135, -3.612308389446843], [-0.9192373088475168, -0.08029074149573587, 0.38542981275740085, 14.37063004570657], [-0.38928345447549695, 0.03910393034691733, -0.9202875437890257, 177.4592036494144], [0.0, 0.0, 0.0, 1.0]], [[0.059322358429976546, -0.9960561441843486, -0.06597755389841306, -3.842054157480684], [-0.9269080607027498, -0.07949859773738456, 0.3667715837410946, 17.960597131510518], [-0.37057021397524703, 0.03943004171838586, -0.9279670661747711, 178.08632183064884], [0.0, 0.0, 0.0, 1.0]], [[0.05978898334260297, -0.996107249659864, -0.0647738129363274, -4.07256312628373], [-0.9341994597656339, -0.07870003253823638, 0.34796213854128005, 21.562489858708165], [-0.35170531138601124, 0.039740029054962385, -0.9352668018726158, 178.64054056788598], [0.0, 0.0, 0.0, 1.0]], [[0.06023113998373038, -0.9961587451701258, -0.06356088730046686, -4.303740956185841], [-0.9411085219085403, -0.0778953727245222, 0.3290091752395754, 25.17483409215626], [-0.33269646748627657, 0.040033765489118786, -0.9421837633430229, 179.1216330377917], [0.0, 0.0, 0.0, 1.0]], [[0.060648647393321146, -0.996210609639732, -0.06233927340103619, -4.535493033774236], [-0.947632419481652, -0.07708494761679646, 0.3099204506547947, 28.79615141925691], [-0.3135514619649309, 0.04031113080428194, -0.9487151197032426, 179.52940234518582], [0.0, 0.0, 0.0, 1.0]], [[0.06104133469944994, -0.9962628218422757, -0.06110947120405798, -4.767724510615608], [-0.953768482470226, -0.07626908889515703, 0.2907037771683389, 32.424959755022826], [-0.2942781302372949, 0.04057201148403433, -0.9548581978858981, 179.86368160362514], [0.0, 0.0, 0.0, 1.0]], [[0.06140904118823603, -0.9963153604090362, -0.05987198402675325, -5.000340342074454], [-0.9595141995873424, -0.0754481304634996, 0.2713670195268481, 36.05977394864547], [-0.2748843602383459, 0.040816300758572614, -0.9606104837329834, 180.12433400370418], [0.0, 0.0, 0.0, 1.0]], [[0.061751616369618026, -0.9963682038377212, -0.05862731833155039, -5.233245326211677], [-0.964867219301691, -0.07462240831286196, 0.251918091623421, 39.69910639131806], [-0.2553780891944485, 0.04104389864840489, -0.9659696230248247, 180.31125286904688], [0.0, 0.0, 0.0, 1.0]], [[0.06206892003894459, -0.9964213305012701, -0.05737598351880692, -5.4663441427475945], [-0.9698253507999732, -0.07379226038391389, 0.23236495325872153, 43.34146762506444], [-0.23576730037491042, 0.041254712005269034, -0.9709334224435846, 180.42436169996571], [0.0, 0.0, 0.0, 1.0]], [[0.0623608223343554, -0.9964747186567017, -0.05611849171832875, -5.699541392073348], [-0.9743865648835321, -0.07295802642864936, 0.21271560688329652, 46.985366952324796], [-0.2160600198246965, 0.04144865455025512, -0.9754998504709131, 180.46361420477018], [0.0, 0.0, 0.0, 1.0]], [[0.06262720378992948, -0.9965283464540168, -0.05485535757977262, -5.932741634294809], [-0.9785489947988336, -0.07212004787133731, 0.19297809432243868, 50.629313046048644], [-0.19626431307963405, 0.04162564690911666, -0.9796670382193833, 180.4289943187131], [0.0, 0.0, 0.0, 1.0]], [[0.0628679553845785, -0.9965821919451381, -0.05358709806201689, -6.165849428292958], [-0.9823109370014685, -0.07127866766878804, 0.1731604934849338, 54.271814560045605], [-0.1763882818654572, 0.04178561664475567, -0.9834332801973616, 180.32051621056468], [0.0, 0.0, 0.0, 1.0]], [[0.06308297858666653, -0.9966362330928923, -0.052314232221584114, -6.398769370785404], [-0.9856708518533552, -0.07043423016999281, 0.1532709150570414, 57.91138073934374], [-0.15644006078203898, 0.04192849828687243, -0.9867970350070113, 180.13822427681401], [0.0, 0.0, 0.0, 1.0]]]], ["pivot", [[[0.06308297858666652, -0.9966362330928921, -0.05231423222158411, -6.398769370785404], [-0.9856708518533555, -0.07043423016999283, 0.1532709150570414, 57.911380739343755], [-0.15644006078203898, 0.04192849828687242, -0.9867970350070113, 180.13822427681401], [0.0, 0.0, 0.0, 1.0]], [[0.06327755346317034, -0.9966921051116503, -0.050998245344373645, -6.638568935100561], [-0.9887112493216867, -0.06956118382536969, 0.13270753542134808, 61.658446740838095], [-0.13581605177099973, 0.04205780098920192, -0.9898409068788987, 179.97445511803858], [0.0, 0.0, 0.0, 1.0]], [[0.06344462737172966, -0.9967481371411271, -0.04967849186507925, -6.878098344792271], [-0.9913219214976815, -0.06868563717727866, 0.11208529942672835, 65.4012913707889], [-0.11513301280570458, 0.04216883823533282, -0.9924545619642371, 179.7324478357453], [0.0, 0.0, 0.0, 1.0]], [[0.06358412769673644, -0.9968043048280286, -0.04835554539032954, -7.117253492798636], [-0.9935017337005912, -0.06780797076600166, 0.09141317014958245, 69.13828787046924], [-0.09439993338944916, 0.042261561764963956, -0.994636864285812, 179.41230761395798], [0.0, 0.0, 0.0, 1.0]], [[0.06369599380693457, -0.9968605837601008, -0.047029980914530076, -7.355930434723731], [-0.9952497385150472, -0.0669285660531367, 0.0707001323515102, 72.86781202293469], [-0.07362582477469251, 0.0423359312775149, -0.9963868653459702, 179.01417359574853], [0.0, 0.0, 0.0, 1.0]], [[0.06378017708177232, -0.9969169494767384, -0.045702374569952485, -7.594025434015126], [-0.9965651762028374, -0.06604780525580276, 0.04995518857424921, 76.58824285895945], [-0.052819716046481995, 0.04239191444964189, -0.9977038045388681, 178.53821882276105], [0.0, 0.0, 0.0, 1.0]], [[0.06383664093253429, -0.9969733774796178, -0.04437330337632924, -7.8314350070510805], [-0.9974474750331134, -0.06516607118051602, 0.029187355226885467, 80.29796336156078], [-0.03199065019812697, 0.04242948694928664, -0.9985871094810554, 177.98465016000264], [0.0, 0.0, 0.0, 1.0]], [[0.06386536172476714, -0.9970298431237553, -0.043043344716665405, -8.06805604612485], [-0.997896297200522, -0.0642837492016781, 0.008405660898338135, 83.99536230946842], [-0.01114768232231534, 0.04244863282990551, -0.999036403037551, 177.35370948003464], [0.0, 0.0, 0.0, 1.0]]]], ["pivot", [[[0.06386536172476714, -0.9970298431237554, -0.04304334471666541, -8.06805604612485], [-0.9978962972005219, -0.0642837492016781, 0.008405660898338134, 83.9953623094684], [-0.011147682322315338, 0.04244863282990552, -0.9990364030375513, 177.3537094800347], [0.0, 0.0, 0.0, 1.0]], [[0.06420733760980615, -0.9970298850803789, -0.04944231254385109, -6.944797311376432], [-0.9983310565405158, -0.06428379284921391, 0.0018064615966493613, 85.16115139328892], [-0.00498162462451685, 0.042448634691684764, -0.9992032818297311, 177.32527973596893], [0.0, 0.0, 0.0, 1.0]]]]]